gene_id	NA.	X50_cells_rep1	X50_cells_rep2	X50_cells_rep3	X300_cells_rep1	X300_cells_rep2	X300_cells_rep3	baseMean	log2FoldChange	lfcSE	stat	pvalue	padj
ENSMUSG00000028645	Slc2a1	5323.23926345288	5398.64013670036	6045.74315105654	3039.25388523449	3278.31683452808	3002.55570665283	4347.95816293753	0.846905520973377	0.0602705743763822	14.0517247385857	7.51804891229367e-45	8.86002064313809e-41
ENSMUSG00000074637	Sox2	596.818868596887	688.827119893258	823.446663577851	216.704197142459	268.009718894176	261.811178311057	475.936291069281	1.4973698313682	0.119853292739493	12.4933558114487	8.11568019933496e-36	4.78216455745812e-32
ENSMUSG00000017724	Etv4	1245.61873542641	1171.79785912876	1107.31610163752	665.398779607551	702.496464541731	715.357680515341	934.664270142885	0.760118079722293	0.0753192231515188	10.0919532612966	5.99642619291372e-24	2.35559608944961e-20
ENSMUSG00000020644	Id2	496.707316445152	605.127272812632	658.98262406709	276.949762323143	291.792151287516	262.78445406686	432.057263500399	1.07936115083991	0.112375677868263	9.60493561698675	7.62055416397306e-22	2.24520577056056e-18
ENSMUSG00000025161	Slc16a3	72.1958308786557	89.355242153641	63.0820973465933	390.247392364428	626.575622670685	407.802541681534	274.876454515923	-2.66575129822345	0.279425589529561	-9.54011156498404	1.42678740378105e-21	3.36293791071193e-18
ENSMUSG00000025856	Pdgfa	545.800481442637	583.636771535174	729.949983582008	265.26032430301	288.133315534694	320.207723659248	455.498100009462	1.0892255576204	0.115785838833778	9.40724330877878	5.0931939097929e-21	1.00038817044849e-17
ENSMUSG00000019987	Arg1	183.858715970977	145.909192883794	117.152466500816	409.130330704643	358.565903776509	358.165478135572	262.130347995385	-1.32589268979712	0.141887660029618	-9.34466527617936	9.21805775433953e-21	1.35793513293614e-17
ENSMUSG00000034486	Gbx2	640.136367124081	611.91374690025	806.549673217157	320.110764243633	365.883575282152	326.047378194067	511.773584160223	1.0232919693577	0.109461308926105	9.34843534575765	8.89538494279748e-21	1.35793513293614e-17
ENSMUSG00000055653	Gpc3	2051.32420803221	2015.58280402264	1869.93359991687	3304.5142095375	3040.49251059468	2784.54193735291	2511.0648782428	-0.620736936075299	0.0674476824270371	-9.20323595620641	3.47329118148718e-20	4.54808184153627e-17
ENSMUSG00000001657	Hoxc8	897.153525052095	801.935021353563	858.367110323287	519.730398125898	519.554676900655	500.263738482837	682.834078373056	0.733005580153477	0.0819820355063242	8.94105123916974	3.85485577797063e-19	4.54294753433839e-16
ENSMUSG00000048528	Nkx1-2	1245.61873542641	1238.53152099034	1159.13353874365	689.676843187826	833.299842705101	690.052510864458	976.052165319631	0.71921722357193	0.0821081526859931	8.75938868485373	1.96312096072247e-18	2.1032164111013e-15
ENSMUSG00000031765	Mt1	84.7097748976227	89.355242153641	90.1172819237047	297.631075743377	311.001038989829	182.002566335196	175.802830007228	-1.58441585378518	0.187063117463392	-8.46995321830477	2.45491610559411e-17	2.41093219203555e-14
ENSMUSG00000039476	Prrx2	495.744705366769	433.203262592968	413.413030824995	784.990722428908	938.491370598719	728.983541096585	632.471105484824	-0.86758938902916	0.102939909854606	-8.42811490950944	3.51278029203691e-17	3.18447044166577e-14
ENSMUSG00000030699	Tbx6	115.513329405849	96.1417162412593	88.9908158996584	226.595260082571	275.327390399819	246.238766218206	174.801213041227	-1.30933953664995	0.156376778536356	-8.37297934453579	5.61794556611448e-17	4.72910632118994e-14
ENSMUSG00000038526	Car14	473.604650563982	406.057366242495	416.792428897134	740.930532968408	731.767150564303	705.624922957309	579.129508698938	-0.746051446545337	0.0894005225788138	-8.34504570023774	7.11863517118924e-17	5.59287436616435e-14
ENSMUSG00000096210	H1f0	751.799252216402	795.148547265945	705.167731052989	1195.02024067356	1179.05982134673	1093.96194952278	953.359590346402	-0.62324469665687	0.0753973448303342	-8.26613587069081	1.38370844156246e-16	1.01918774898835e-13
ENSMUSG00000055210	Foxd2	64.4949422515991	63.3404248177708	36.0469127694819	180.736695542051	161.903482062352	174.21636028877	113.456469622004	-1.64990472853182	0.200489742800026	-8.22937226358502	1.88197063031002e-16	1.30464846342374e-13
ENSMUSG00000062070	Pgk1	265.680657633453	292.94946478219	238.810797097817	522.427960745928	687.861121530445	463.279259762316	411.834876925358	-1.07022666641985	0.131637309370997	-8.1301165416835	4.28877903695019e-16	2.80795894169211e-13
ENSMUSG00000022816	Fstl1	909.667469071062	774.78912500309	813.308469361435	1416.22037551607	1286.08076711676	1222.4343492888	1070.4167592262	-0.650551967943107	0.0801872546543688	-8.11290984767071	4.94217384637936e-16	3.06544835682004e-13
ENSMUSG00000038235	F11r	566.977925167043	652.63259142596	755.858702135073	295.832700663357	374.115955726	370.818062961013	502.705989679741	0.923552735790585	0.114869768355374	8.03999824334442	8.98397598799954e-16	5.29380785092873e-13
ENSMUSG00000051367	Six1	299.372045376826	246.575225183465	214.028544568799	582.673525926612	503.089916012959	450.626674936875	382.727655334256	-1.01181618153295	0.126114099566294	-8.02302189059416	1.03174954963439e-15	5.79008021068634e-13
ENSMUSG00000028883	Sema3a	285.895490279477	263.541410402511	282.742972035623	141.172443781602	129.888669225164	117.766366452185	203.50122536276	1.09691092877821	0.137017893583403	8.00560350251274	1.1888219206392e-15	6.36830287942409e-13
ENSMUSG00000050966	Lin28a	1011.70424337956	1203.46807153765	1165.89233488793	573.68165052651	697.008210912499	740.662850166224	898.736226901728	0.749025947904239	0.0938766084475744	7.97883477354782	1.47721157700768e-15	7.56910366740674e-13
ENSMUSG00000001604	Tcea3	491.894261053241	511.247714600579	524.93316720558	274.252199703112	311.915747928034	292.956002496759	401.199848831217	0.796986473388332	0.100645437322757	7.91875413917171	2.399021842697e-15	1.17801968400767e-12
ENSMUSG00000026193	Fn1	757.574918686694	639.059643250724	616.176915153331	1132.97630041286	1059.23295044183	1015.12661330272	870.024556874693	-0.66978448157806	0.0858590093343259	-7.8009807796639	6.14278691034248e-15	2.78433629763023e-12
ENSMUSG00000004885	Crabp2	535.211759580435	618.700220987869	642.085633706396	294.034325583337	367.712993158562	353.299099356556	468.507338728859	0.822153329637298	0.106804174371605	7.69776401039133	1.38467791565722e-14	6.04386268000753e-12
ENSMUSG00000019943	Atp2b1	589.117979969831	663.943381571991	692.77660478848	340.792077663867	365.883575282152	426.294781041795	513.134733386353	0.78013132104719	0.102091372057578	7.64150099390583	2.14703869663384e-14	8.72512104821718e-12
ENSMUSG00000024247	Pkdcc	156.905605776278	145.909192883794	131.796524813418	315.614826543582	279.900935090846	291.009450985152	220.189422682178	-1.02567334658095	0.134153655743761	-7.64551171486545	2.08116002396628e-14	8.72512104821718e-12
ENSMUSG00000014773	Dll1	685.379087808039	634.535327192311	663.488488163276	933.356666530591	1093.99189009363	1022.91281934915	838.944046522833	-0.619883061886131	0.0811792390870462	-7.63598019465848	2.24108774984475e-14	8.80373971064011e-12
ENSMUSG00000061517	Sox21	48.1305539191038	73.5201359491983	103.63487421226	13.4878131001531	9.14708938205379	7.78620604642548	42.6177787681991	2.87647827652439	0.377945889114733	7.61082038294423	2.7236152398184e-14	1.03541308391161e-11
ENSMUSG00000028937	Acot7	746.023585746109	768.002650915471	793.032080928601	470.275083425337	471.989812113976	533.355114180145	630.44638788494	0.645103493899508	0.085560414521789	7.5397425024773	4.70900352656606e-14	1.73423770501816e-11
ENSMUSG00000028946	Hes3	107.812440778793	153.826745986015	167.8434375829	31.4715639003571	55.7972452305281	39.9043059879306	92.7759565777539	1.75166653883768	0.234181035932543	7.47996750403929	7.43409913572498e-14	2.65487449437936e-11
ENSMUSG00000051159	Cited1	363.866987628425	268.065726460923	288.375302155855	532.319023686041	576.266631069389	527.515459645326	426.068188440993	-0.825238686898695	0.111584757377834	-7.39562200332058	1.40747861960271e-13	4.87856927412291e-11
ENSMUSG00000035799	Twist1	351.353043609458	300.867017884411	317.663418781059	540.411711546132	507.663460703985	589.80510801673	434.627293423629	-0.752705442142983	0.102716006913235	-7.32802476228264	2.33569570853825e-13	7.8646211214638e-11
ENSMUSG00000020766	Galk1	330.175599885052	308.784570986633	278.237107939438	541.310899086143	611.025570721193	470.092190052938	423.270989778566	-0.82159381827314	0.112751126107708	-7.2867903553202	3.17426259070599e-13	1.03913012865195e-10
ENSMUSG00000060461	Dppa5a	3.85044431352831	13.5729481752366	10.1381942164168	79.1285035208979	98.788565326181	42.8241332553401	41.3837981346001	-3.03437664604029	0.416864874850757	-7.27904131315127	3.36200723759417e-13	1.07084473770398e-10
ENSMUSG00000020108	Ddit4	592.968424283359	649.239354382151	635.326837562118	843.437912529571	1164.42447833545	1135.81280702232	836.868302352494	-0.743954285063956	0.103174076874349	-7.21067062194302	5.567698356312e-13	1.72671908234571e-10
ENSMUSG00000031734	Irx3	352.31565468784	430.941104563762	576.75060431171	115.995192661316	151.841683742093	109.98016040576	289.63740006208	1.84654019914008	0.258020306275561	7.15656928632589	8.27210802497626e-13	2.49966136088065e-10
ENSMUSG00000032291	Crabp1	717.145253394647	616.438062958663	635.326837562118	1071.83154769216	1206.5010894929	907.093004408568	859.055965918176	-0.693103623948989	0.0971384691964752	-7.13521254434324	9.6637715369271e-13	2.84718868906715e-10
ENSMUSG00000028023	Pitx2	22.1400548027878	9.04863211682441	9.01172819237047	86.3220038409795	79.579677623868	61.3163726156006	44.5697448654051	-2.46787948698253	0.346697240346456	-7.11825535304628	1.09301733506501e-12	3.14175836432709e-10
ENSMUSG00000030695	Aldoa	5543.67720040238	5735.70168305207	5146.82326386758	10270.5200819965	12582.7361539532	9329.82139512933	8101.54662973352	-0.970314500282964	0.137437176501415	-7.06005845713059	1.66432573674442e-12	4.67001876369833e-10
ENSMUSG00000056648	Hoxb8	994.377243968685	1145.78304179289	1105.06316958943	605.153214426867	782.076142165599	704.651647201506	889.517409857496	0.632771821023391	0.0909160220637178	6.95995938515565	3.4037085141575e-12	9.11652382712413e-10
ENSMUSG00000047632	Fgfbp3	238.727547438755	255.623857300289	271.47831179516	89.0195664610102	148.182847989271	115.819814940579	186.475324320844	1.11664965552676	0.16165046664156	6.9078034770094	4.92215193045457e-12	1.26103392392189e-09
ENSMUSG00000079042	Apela	131.877717738345	128.943007664748	129.543592765325	47.6569396205408	58.5413720451443	34.0646514531115	88.4378802145357	1.47278885359936	0.213982158997983	6.88276471503985	5.87019413346219e-12	1.47191995452876e-09
ENSMUSG00000063229	Ldha	5481.10748030754	6364.58161517137	4948.56524363543	13412.2813467922	17224.8840153455	11761.0642331257	9865.41398906295	-1.33605959437108	0.196266122584612	-6.80738772833854	9.93868152503351e-12	2.3425472354504e-09
ENSMUSG00000002944	Cd36	32.7287766649906	37.3256074819007	22.5293204809262	144.769193941643	90.5561848823325	88.5680937780898	69.4128628716471	-1.80626184602172	0.270984966160293	-6.66554263734796	2.63689240296353e-11	6.09328960175003e-09
ENSMUSG00000036139	Hoxc9	423.548874488114	475.053186133281	465.230467931125	257.167636442918	301.853949607775	270.570660113285	365.570795786083	0.715596197082817	0.107441483864917	6.66033427072282	2.73205486868699e-11	6.19178204374542e-09
ENSMUSG00000078566	Bnip3	146.316883914076	148.171350913	126.164194693187	410.029518244653	661.334562322489	388.337026565471	313.392256108812	-1.79473187364351	0.271228876441692	-6.61703833746971	3.66466482696521e-11	8.14869339354435e-09
ENSMUSG00000023456	Tpi1	1390.9730082621	1429.68387445826	1178.28346115244	2420.61285770747	3035.91896590365	2339.75491695086	1965.87118073913	-0.963071379089227	0.147213447897223	-6.54200681286667	6.06987370152491e-11	1.32469373282354e-08
ENSMUSG00000039982	Dtx4	215.624881557585	272.590042519335	348.078001430309	116.894380201326	145.438721174655	135.285330056643	205.651892823309	1.0695337544489	0.164483825718004	6.50236428889087	7.90673423275234e-11	1.69419750787248e-08
ENSMUSG00000067586	S1pr3	61.6071090164529	37.3256074819007	32.6675146973429	153.761069341745	103.362110017208	135.285330056643	87.334790101882	-1.5615590984	0.240776426679787	-6.48551488172363	8.84292704026867e-11	1.86096241374225e-08
ENSMUSG00000070643	Sox13	319.586878022849	349.503415512343	421.298292993319	190.627758482163	199.406548528773	223.853423834733	284.046052895697	0.827626013877612	0.128373459902113	6.44701805582473	1.14072202588076e-10	2.35849282017628e-08
ENSMUSG00000024406	Pou5f1	7.70088862705661	9.04863211682441	6.75879614427785	47.6569396205408	74.0914239946357	38.9310302321274	30.6979517892438	-2.77576752557391	0.432203018023454	-6.42236960368305	1.34169168298408e-10	2.6799722854182e-08
ENSMUSG00000032902	Slc16a1	596.818868596887	632.273169163105	711.926527197267	401.936830384561	428.083783080117	451.599950692678	537.106521519103	0.598027831355659	0.0950311024518639	6.29296952183185	3.11449509313696e-10	6.01710240534739e-08
ENSMUSG00000003153	Slc2a3	1103.15229582586	1141.25872573448	1205.31864572955	675.289842547663	907.391266699736	678.37320179482	951.797329722018	0.608680697388669	0.0970011360824358	6.27498524214588	3.49667457944242e-10	6.64650159979499e-08
ENSMUSG00000004872	Pax3	272.418935182128	243.181988139656	190.372758063826	412.727080864684	369.542411034973	457.439605227497	324.280463085461	-0.807607441195581	0.129185800756397	-6.25151863801557	4.06480580756302e-10	7.60376768922701e-08
ENSMUSG00000001334	Fndc5	128.989884503198	194.545590511725	154.325845294344	56.6488150206428	75.0061329328411	72.9956816852389	113.751991657998	1.22093667634197	0.19775286002491	6.17405319037195	6.65611315426239e-10	1.20680451573819e-07
ENSMUSG00000033768	Nrxn2	266.643268711835	342.716941424724	376.239652031467	134.878131001531	203.065384281594	173.243084532967	249.464410330686	0.944919092801738	0.153626465066428	6.15075724350721	7.71138731603099e-10	1.37694999271856e-07
ENSMUSG00000004415	Col26a1	230.064047733316	193.414511497122	165.590505534807	443.29945722503	318.318710495472	334.806859996296	280.915682080341	-0.892891581814813	0.145411709212421	-6.14043797883193	8.22942615444058e-10	1.42623216514827e-07
ENSMUSG00000032231	Anxa2	12.513944018967	16.9661852190458	3.37939807213893	71.9350032008163	68.6031703654034	39.9043059879306	35.5503344773837	-2.45352149416526	0.401905452758273	-6.10472308182626	1.0297906678888e-09	1.75885261174921e-07
ENSMUSG00000078202	Nrarp	291.671156749769	332.537230293297	352.583865526495	450.492957545112	549.740071861433	560.606835342634	422.93868621979	-0.678120356654316	0.111403973952191	-6.08703920153992	1.15017816142697e-09	1.93640709034526e-07
ENSMUSG00000032698	Lmo2	129.95249558158	111.976822445702	91.243747947751	213.107446982418	229.59194348955	207.307735986078	163.863365405513	-0.958535997466785	0.157536833659116	-6.0845198878435	1.16840899299203e-09	1.93939436371987e-07
ENSMUSG00000024805	Pcgf5	121.288995876142	141.384876825381	141.934719029835	44.9593770005102	65.8590435507873	62.2896483714038	96.2861101090099	1.22447279054787	0.201896014486868	6.06486855949066	1.32061608959292e-09	2.13198090628117e-07
ENSMUSG00000024598	Fbn2	470.716817328835	394.746576096465	344.69860335817	614.145089826969	631.149167361712	623.869759469841	513.221002240332	-0.623166950738142	0.103480180733655	-6.02208989508914	1.7217921417167e-09	2.74207032299072e-07
ENSMUSG00000035637	Grhpr	245.46582498743	255.623857300289	205.016816376428	376.759579264275	445.46325290602	356.218926623966	314.091376243068	-0.738366586104873	0.123546509419233	-5.9764261214322	2.28085917986234e-09	3.53683229403653e-07
ENSMUSG00000029163	Emilin1	52.9436093110142	64.4715038323739	41.6792428897134	135.777318541541	116.168035152083	127.499124010217	89.7564722894904	-1.25439859466051	0.210049646796033	-5.97191480106883	2.34484985846802e-09	3.58883838727865e-07
ENSMUSG00000025791	Pgm1	51.0183871542501	38.4566864965037	42.8057089137597	126.785443141439	177.453534011844	80.7818877316643	86.2169412415767	-1.53822668180444	0.260105294271632	-5.91386148487253	3.34178946777208e-09	4.98518846553089e-07
ENSMUSG00000036144	Meox2	58.7192757813067	50.8985556571373	27.0351845771114	150.164319181704	90.5561848823325	144.044811858871	86.9030553230772	-1.48386615166913	0.254428237499252	-5.83215985086361	5.47144634345024e-09	7.96061668611865e-07
ENSMUSG00000039316	Rftn1	105.887218622028	67.864740876183	99.1290101160751	180.736695542051	195.747712775951	176.162911800376	137.588048288778	-1.01245177074297	0.174594194785118	-5.79888565017324	6.67570318323334e-09	9.25566611934175e-07
ENSMUSG00000037499	Nenf	175.195216265538	173.055089234267	135.175922885557	264.361136763	314.65987474265	267.650832845876	221.683012122815	-0.806086249613926	0.139841667706614	-5.76427800693197	8.20081409439932e-09	1.12379760584298e-06
ENSMUSG00000027082	Tfpi	159.793439011425	109.714664416496	109.267204332492	266.15951184302	250.630249068274	209.254287497685	184.136559361565	-0.931907997390152	0.163106520327377	-5.71349321608779	1.10680288151324e-08	1.472323619982e-06
ENSMUSG00000038192	Cer1	149.204717149222	128.943007664748	126.164194693187	227.494447622582	311.001038989829	219.96032081152	193.794621155181	-0.905124711983201	0.158440446967659	-5.71271243742423	1.1118947999864e-08	1.472323619982e-06
ENSMUSG00000018339	Gpx3	95.2984967598256	99.5349532850685	92.3702139717973	194.224508642204	170.135862506201	180.056014823589	138.603341664781	-0.923110700165547	0.16213377426224	-5.69351268337516	1.24451966581007e-08	1.62962936239685e-06
ENSMUSG00000063531	Sema3e	105.887218622028	95.0106372266563	127.290660717233	44.9593770005102	51.2237005395012	43.7974090111433	78.0281671861787	1.22782794380046	0.219507158175626	5.59356676112621	2.22451631404479e-08	2.88087085285911e-06
ENSMUSG00000030844	Rgs10	68.3453865651274	71.2579779199922	76.599689635149	25.1772511202857	21.0383055787237	28.2249969182924	48.4406012895951	1.53916425953227	0.27624181051034	5.57180050582769	2.52120024750626e-08	3.19487579751197e-06
ENSMUSG00000032172	Olfm2	57.7566647029246	89.355242153641	75.4732236111027	17.9837508002041	27.4412681461614	27.2517211624892	49.2103117627538	1.6128453944642	0.290622603073746	5.54962132128085	2.86289023994897e-08	3.58927249763815e-06
ENSMUSG00000020875	Hoxb9	1541.1403364897	1714.71578613822	1913.86577485468	748.124033288489	997.032742643863	1024.85937086075	1323.28967404595	0.900189960092683	0.162546245917196	5.53805444729405	3.05850187147865e-08	3.79415205846062e-06
ENSMUSG00000017897	Eya2	77.9714973489482	79.1755310222135	47.311573009945	163.652132281857	121.656288781315	170.323257265557	110.015046618306	-1.15078127885088	0.20802146115384	-5.53203151476681	3.16543012234625e-08	3.88589520748443e-06
ENSMUSG00000025352	Gdf11	394.670542136651	449.038368797411	431.436487209736	236.486323022684	291.792151287516	299.768932787381	350.532134206897	0.622632153636274	0.114353719997444	5.4447914213039	5.18661249344908e-08	6.11242282352974e-06
ENSMUSG00000068079	Tcf15	2108.11826165675	1616.31191186776	1441.87651077927	3538.30296994015	3144.76932955009	3272.15309101031	2520.25534580072	-0.945860822669182	0.173704247202185	-5.4452371654922	5.17364054466205e-08	6.11242282352974e-06
ENSMUSG00000020277	Pfkl	437.025429585463	438.858657665984	333.433943117707	736.434595268357	920.197191834612	691.025786620261	592.829267348731	-0.956500580590171	0.176032658419793	-5.43365412518601	5.52115515878921e-08	6.44225876696345e-06
ENSMUSG00000038412	Higd1a	244.503213909047	236.395514052038	239.937263121864	382.154704504337	403.386641748572	330.913756973083	306.215182384823	-0.631627775526417	0.116429985560182	-5.42495794779545	5.79681858483417e-08	6.63257349730783e-06
ENSMUSG00000039385	Cdh6	73.1584419570378	95.0106372266563	96.8760780679825	32.3707514403673	33.844230713599	38.9310302321274	61.6985282729617	1.33157244745093	0.246917607849658	5.39278044626809	6.93757007721926e-08	7.86146763077202e-06
ENSMUSG00000021953	Tdh	0.962611078382077	3.39323704380915	0	35.9675016004081	38.4177754046259	19.4655151160637	16.3677733738815	-4.45736242925255	0.82731765057429	-5.38772794966774	7.13539483356691e-08	8.00863124891295e-06
ENSMUSG00000048826	Dact2	91.4480524462973	101.797111314275	49.5645050580376	181.635883082061	168.30644462979	160.590499707526	125.557082706331	-1.06891193237852	0.198989519104099	-5.37169966132401	7.79979413955526e-08	8.67175225798667e-06
ENSMUSG00000021365	Nedd9	40.4296652920472	55.4228717155495	52.9439031301765	9.89106294011224	18.2941787641076	8.75948180222866	30.9568606073703	2.00163494522739	0.372893085503231	5.36785213522025	7.9679834734547e-08	8.77595189109006e-06
ENSMUSG00000020186	Csrp2	217.550103714349	246.575225183465	176.85516577527	387.549829744398	334.783471383169	320.207723659248	280.586919909983	-0.702143594213825	0.131456994547151	-5.34124180027545	9.23120273640875e-08	9.90778958873925e-06
ENSMUSG00000044167	Foxo1	90.4854413679152	73.5201359491983	48.4380390339913	170.845632601939	139.035758607218	144.044811858871	111.061636569855	-1.08688265105056	0.203563715566324	-5.33927496865933	9.33190194611842e-08	9.90778958873925e-06
ENSMUSG00000024827	Gldc	356.166099001368	397.008734125671	447.207011546384	253.570886282877	270.753845708792	262.78445406686	331.248505121992	0.606517653055833	0.11410543684959	5.31541414503609	1.06415015774501e-07	1.10982385920574e-05
ENSMUSG00000000392	Fap	13.4765550973491	12.4418691606336	7.88526216832416	62.9431278007143	27.4412681461614	65.2094756388134	31.566259668666	-2.19273709725403	0.414159146526674	-5.29443117613921	1.19387440898243e-07	1.23419385174193e-05
ENSMUSG00000029231	Pdgfra	94.3358856814435	68.9958198907861	65.3350293946859	186.131820782112	132.63279603978	150.857742149494	116.381515656384	-1.03096026450567	0.195876524268356	-5.26331712468629	1.41479230136055e-07	1.42507070696873e-05
ENSMUSG00000038119	Cdon	116.475940484231	117.632217518717	113.773068428677	223.897697462541	210.383055787237	177.13618755618	159.883027872931	-0.814850511111413	0.155262466648607	-5.24821309811854	1.53581586445759e-07	1.53386355615531e-05
ENSMUSG00000041607	Mbp	161.718661168189	174.18616824887	241.06372914591	98.9106294011224	107.935654708235	101.220678603531	147.505920212643	0.90192882174461	0.173530395776799	5.1975264489381	2.01957812559265e-07	1.98339401750911e-05
ENSMUSG00000022358	Fbxo32	53.9062203893963	64.4715038323739	66.4614954187322	21.5805009602449	20.1235966405183	21.4120666276701	41.3258973114893	1.54712558281322	0.298544585856337	5.18222622719983	2.19253051836026e-07	2.11794853761276e-05
ENSMUSG00000067860	Zic3	131.877717738345	132.336244708557	110.393670356538	267.957886923041	206.724220034416	192.708599649031	173.666389901654	-0.832907836976025	0.161053845001422	-5.17161100356637	2.32084336786486e-07	2.22158474781719e-05
ENSMUSG00000021068	Nin	149.204717149222	178.710484307282	185.866893967641	74.6325658208469	85.9826401913056	111.926711917366	131.054002225611	0.915230969846014	0.179642440411128	5.09473689931749	3.49225899263072e-07	3.21533376782445e-05
ENSMUSG00000027173	Depdc7	72.1958308786557	61.0782667885647	60.8291652985007	158.257007041796	117.997453028494	119.712917963792	98.3451068333004	-1.02553770611722	0.201745317311159	-5.08332842509297	3.70877598522889e-07	3.36220263848918e-05
ENSMUSG00000048562	Sp8	200.223104303472	243.181988139656	200.510952280243	129.483005761469	127.144542410548	125.552572498611	171.016027565666	0.750573065450446	0.148183445100225	5.06516139466721	4.08054484991597e-07	3.670932905058e-05
ENSMUSG00000032294	Pkm	3695.46392990879	4069.62229454178	3461.63009189431	5699.05062858467	6351.73886689815	5003.61066058417	4713.51941206865	-0.603296746953423	0.119450435311738	-5.05060316757287	4.4041716675902e-07	3.93205781079928e-05
ENSMUSG00000021892	Sh3bp5	100.111552151736	88.224163139038	66.4614954187322	208.611509282367	150.012265865682	145.018087614675	126.406512245372	-0.979020755588263	0.194507072713292	-5.03334270539026	4.82000325815244e-07	4.27095777423508e-05
ENSMUSG00000017390	Aldoc	67.3827754867454	61.0782667885647	46.1851069858986	148.365944101684	158.244646309531	87.5948180222866	94.8085929491183	-1.17205423670359	0.233517983575297	-5.01911766605189	5.19093485200119e-07	4.53149386895067e-05
ENSMUSG00000019817	Plagl1	139.578606365401	223.953644891404	221.913806737123	72.8341907408265	121.656288781315	96.3542998245153	146.048472890098	1.00547430014337	0.200817628806674	5.00690256188285	5.53129092482047e-07	4.75812142693498e-05
ENSMUSG00000029661	Col1a2	11.5513329405849	6.7864740876183	4.50586409618523	49.4553147005612	25.6118502697506	41.850857499537	23.2936155990395	-2.33021798884904	0.465332124154954	-5.00764479366373	5.51000988988668e-07	4.75812142693498e-05
ENSMUSG00000070720	Tmem200b	45.2427206839576	32.8012914234885	23.6557865049725	92.616316621051	87.8120580677164	73.9689574410421	59.3495217903713	-1.31089392879035	0.263355316622954	-4.97766267110207	6.43566889189369e-07	5.49596796311356e-05
ENSMUSG00000025964	Adam23	123.214218032906	114.238980474908	119.405398548909	58.4471901006632	67.6884614271981	53.5301665691752	89.4207358589598	0.98957205432711	0.198900819520994	4.97520350449165	6.51791282819893e-07	5.52615846621039e-05
ENSMUSG00000027215	Cd82	62.569720094835	52.0296346717403	86.7378838515657	26.9756262003061	21.9530145169291	23.3586181392764	45.6040829124421	1.47541456655321	0.296876213939268	4.96979716554537	6.70229775128886e-07	5.64189849992423e-05
ENSMUSG00000028494	Plin2	56.7940536245425	41.8499235403129	61.955631322547	115.096005121306	104.276818955413	115.819814940579	82.6320412507834	-1.05866430902904	0.213504647850281	-4.95850708492034	7.1036948551999e-07	5.85433873206509e-05
ENSMUSG00000027562	Car2	98.1863299949718	102.928190328878	145.314117101974	56.6488150206428	61.2854988597604	43.7974090111433	84.6933933862283	1.09313529898348	0.222666521975134	4.909293455015	9.14051128521082e-07	7.28568819698879e-05
ENSMUSG00000027559	Car3	87.597608132769	89.355242153641	120.531864572955	53.052064860602	41.1619022192421	39.9043059879306	71.9338313211899	1.14438981331115	0.233266639866117	4.90593002912018	9.29856718081292e-07	7.3546049816027e-05
ENSMUSG00000074622	Mafb	67.3827754867454	84.8309260952288	109.267204332492	21.5805009602449	38.4177754046259	42.8241332553401	60.7172192557795	1.34674218812478	0.275041433287407	4.89650658094662	9.75553826324416e-07	7.66460122882216e-05
ENSMUSG00000036103	Colec12	145.354272835694	144.77811386919	98.0025440920288	284.143262643224	206.724220034416	205.361184474472	180.727266324838	-0.840928959724087	0.17183435591138	-4.89383485196511	9.88898317915003e-07	7.71799117657504e-05
ENSMUSG00000096001	2610528A11Rik	20.2148326460236	39.5877655111068	28.1616506011577	67.4390655007653	76.8355508092519	79.8086119758612	52.0079128406944	-1.36133546971173	0.27915602097178	-4.8766115270333	1.07923680331036e-06	8.36763534671881e-05
ENSMUSG00000066705	Fxyd6	1045.39563112294	973.859031573227	726.570585509869	2035.7605905831	1507.44033016246	1762.60239375957	1341.93809378519	-0.94992102513791	0.195226864547794	-4.86572904471023	1.14035659572158e-06	8.78372711148941e-05
ENSMUSG00000045179	Sox3	272.418935182128	313.308887045045	466.356933955172	116.894380201326	162.818191000558	114.846539184776	241.107311094834	1.4137670199069	0.290879216999182	4.86032324513195	1.17194239131397e-06	8.91054263331299e-05
ENSMUSG00000021130	Galnt16	84.7097748976227	91.6174001828471	72.0938255389637	159.156194581806	155.500519494914	137.231881568249	116.718266044067	-0.863418118508753	0.178232872228847	-4.84432589629227	1.27042261297789e-06	9.47590537591422e-05
ENSMUSG00000006494	Pdk1	50.055776075868	74.6512149638014	42.8057089137597	160.055382121816	243.312577562631	136.258605812446	117.85654424172	-1.68979416370585	0.349639373152189	-4.83296302836673	1.3451577606458e-06	9.9079276307567e-05
ENSMUSG00000024063	Lbh	69.3079976435095	108.583585401893	113.773068428677	44.0601894605	43.9060290338582	40.8775817437338	70.0847419520286	1.17147758835304	0.242828798826576	4.82429429299153	1.40499837641038e-06	0.000102844135813642
ENSMUSG00000001870	Ltbp1	132.840328816727	139.122718796175	92.3702139717973	204.115571582316	201.235966405183	217.04049354411	164.454215519385	-0.769258795066557	0.160001983297881	-4.8078078734462	1.52594308751168e-06	0.000110326621388498
ENSMUSG00000079037	Prnp	212.737048322439	208.118538686961	270.351845771114	149.265131641694	138.121049669012	136.258605812446	185.808703317278	0.703915551402178	0.147632935681572	4.76801161036618	1.86053064145554e-06	0.000132886991573052
ENSMUSG00000020814	Mxra7	253.166713614486	245.444146168862	303.019360468457	165.450507361877	189.344750208514	154.750845172706	218.529387165817	0.651624226641416	0.137650557850728	4.73390182223637	2.2024429177267e-06	0.000155553049043837
ENSMUSG00000041957	Pkp2	145.354272835694	164.006457117442	175.728699751224	74.6325658208469	102.447401079002	95.3810240687121	126.258403445487	0.830995733533655	0.175592576237683	4.73252201965997	2.2174724004552e-06	0.000155553049043837
ENSMUSG00000046727	Cystm1	150.167328227604	171.924010219664	147.567049150066	74.6325658208469	90.5561848823325	99.2741270919249	122.353544232073	0.82966285389681	0.175288715358342	4.73312187952734	2.21092637203651e-06	0.000155553049043837
ENSMUSG00000041731	Pgm5	49.0931649974859	41.8499235403129	42.8057089137597	118.692755281347	88.7267670059218	82.7284392432707	70.6494598303496	-1.11514377988897	0.236339990891251	-4.7183880124718	2.37720767944561e-06	0.00016479642648392
ENSMUSG00000024620	Pdgfrb	83.7471638192407	64.4715038323739	52.9439031301765	159.156194581806	105.191527893619	142.098260347265	101.268092267413	-1.00672673596133	0.213620692677575	-4.71268360448965	2.44475633922891e-06	0.000168488031917033
ENSMUSG00000029005	Draxin	51.9809982326321	39.5877655111068	32.6675146973429	96.2130667810918	78.6649686856626	102.193954359334	66.8847113778618	-1.14653616560098	0.243429606663276	-4.70992900706166	2.47803091653319e-06	0.000168806903764992
ENSMUSG00000031074	Fgf3	75.083664113802	66.73366186158	59.7026992744543	144.769193941643	119.826870904905	118.739642207989	97.475955384062	-0.924272389577245	0.196225199306677	-4.71026347708133	2.47396756567175e-06	0.000168806903764992
ENSMUSG00000027993	Trim2	180.008271657448	158.351062044427	197.131554208104	83.6244412209489	121.656288781315	101.220678603531	140.332049419296	0.805712306219929	0.171717340881078	4.69208469037452	2.70435127043818e-06	0.000183165400701805
ENSMUSG00000031283	Chrdl1	52.9436093110142	52.0296346717403	52.9439031301765	17.9837508002041	21.0383055787237	17.5189636044573	35.743027849386	1.48098189485902	0.316489236824064	4.67940682508043	2.8770606808883e-06	0.000192648637069708
ENSMUSG00000037206	Islr	119.363773719377	107.45250638729	69.8408934908711	199.619633882265	154.585810556709	188.815496625818	139.946352443722	-0.86608534740783	0.185063580097552	-4.67993403646083	2.86967230405241e-06	0.000192648637069708
ENSMUSG00000042821	Snai1	103.961996465264	84.8309260952288	104.761340236307	146.567569021663	186.600623393897	179.082739067786	134.300865713358	-0.800180131704111	0.171360092068942	-4.66958276015737	3.01812095133625e-06	0.000200952290460439
ENSMUSG00000025780	Itih5	15.4017772541132	23.7526593066641	13.5175922885557	70.1366281207959	41.1619022192421	50.6103393017656	35.7634830818561	-1.62677765404516	0.349029287198625	-4.66086289520856	3.14886436436679e-06	0.000208479587270015
ENSMUSG00000016028	Celsr1	221.400548027878	279.376516606954	321.042816853198	166.349694901888	172.879989320817	177.13618755618	223.030958877819	0.666838726981184	0.143672306200199	4.64138667094258	3.46078814461946e-06	0.000227851331197432
ENSMUSG00000022892	App	111.662885092321	98.4038742704654	94.6231460198899	207.712321742357	146.353430112861	179.082739067786	139.639732717613	-0.804250447569502	0.173449450644236	-4.63680020076343	3.5384414365055e-06	0.000231669624051207
ENSMUSG00000022587	Ly6e	92.4106635246794	66.73366186158	75.4732236111027	149.265131641694	165.562317815174	120.686193719595	111.688532028971	-0.887605583226248	0.192488359323374	-4.61121693979998	4.00318491161097e-06	0.000256399642300735
ENSMUSG00000041773	Enc1	299.372045376826	378.911469892022	353.710331550541	190.627758482163	224.103689860318	260.837902555254	284.593866286187	0.610604508987667	0.132402522892958	4.61172865626824	3.9933405963014e-06	0.000256399642300735
ENSMUSG00000047002	Msgn1	29.8409434298444	35.0634494526946	11.2646602404631	118.692755281347	146.353430112861	83.7017149990739	70.8194922527139	-2.19250734274756	0.475345859928437	-4.61244648912613	3.97957014307904e-06	0.000256399642300735
ENSMUSG00000031239	Itm2a	95.2984967598256	106.321427372687	79.9790877072879	180.736695542051	149.097556927477	159.617223951722	128.508414710175	-0.797573054216062	0.173222840622677	-4.60431806422906	4.13819602377517e-06	0.000263614271028056
ENSMUSG00000034936	Arl4d	45.2427206839576	29.4080543796793	58.576233250408	79.1285035208979	106.106236831824	109.98016040576	71.4069848454211	-1.14561778099698	0.249050417328993	-4.59994322950133	4.22606095781673e-06	0.000267764131117582
ENSMUSG00000049551	Fzd9	83.7471638192407	89.355242153641	123.911262645094	50.3545022405714	49.3942826630905	41.850857499537	73.1022185035291	1.06332563307662	0.2316137581697	4.59094330785626	4.41247189098892e-06	0.000278080113557778
ENSMUSG00000057315	Arhgap24	107.812440778793	116.501138504114	126.164194693187	65.6406904207449	64.9443346125819	55.4767180807815	89.4232528483669	0.909731324651222	0.198634854958426	4.57991788420833	4.65158521685858e-06	0.000288520693582518
ENSMUSG00000042675	Ypel3	185.783938127741	205.856380657755	150.946447222205	267.058699383031	291.792151287516	272.517211624892	228.992471383857	-0.614960673131321	0.134641300710757	-4.56739997225971	4.93811194627261e-06	0.000301531861589755
ENSMUSG00000004032	Gstm5	201.185715381854	204.725301643152	190.372758063826	264.361136763	338.44230713599	293.929278252562	248.836082873397	-0.588205918195931	0.129670494900437	-4.5361585042732	5.72881315029863e-06	0.000340951899625193
ENSMUSG00000031762	Mt2	48.1305539191038	67.864740876183	41.6792428897134	199.619633882265	189.344750208514	104.140505870941	108.46323794112	-1.64713650073652	0.363053516326764	-4.53689725250871	5.70879020349361e-06	0.000340951899625193
ENSMUSG00000039263	Npepl1	112.625496170703	85.9620051098318	91.243747947751	169.946445061929	170.135862506201	154.750845172706	130.777400328187	-0.766398526434682	0.169434874054509	-4.52326317537277	6.08934468804295e-06	0.000358814635742931
ENSMUSG00000039239	Tgfb2	51.0183871542501	57.6850297447556	57.4497672263617	101.608192021153	110.679781522851	106.087057382547	80.7547025086531	-0.941297932401373	0.208548674030999	-4.51356469550824	6.37469917214169e-06	0.000371910048236088
ENSMUSG00000030519	Apba2	141.503828522165	143.647034854587	196.005088184058	88.120378921	99.7032742643863	85.6482665106803	125.771311876146	0.811825081336623	0.179995464420236	4.51025298860451	6.47503582785543e-06	0.000374137389139099
ENSMUSG00000054871	Tmem158	107.812440778793	78.0444520076105	70.9673595149174	172.644007681959	139.950467545423	150.857742149494	120.046078279699	-0.843518521258433	0.187266159965307	-4.50438307388106	6.65660362556955e-06	0.000382673530377254
ENSMUSG00000047604	Frat2	109.737662935557	127.811928650145	140.808253005789	77.3301284408775	66.7737524889927	61.3163726156006	97.2963496894935	0.875958727496676	0.195347963280251	4.48409449879959	7.32242087721404e-06	0.000414878509797921
ENSMUSG00000046814	Gchfr	134.765550973491	115.370059489511	116.02600047677	232.889572862643	176.538825073638	191.735323893227	161.22088879488	-0.712612919963696	0.159367761490053	-4.47149983974753	7.76729181347952e-06	0.000429753680853785
ENSMUSG00000038560	Sp6	121.288995876142	114.238980474908	122.784796621048	51.2536897805816	73.1767150564303	69.1025786620261	91.9742927451892	0.890808401899227	0.200177977822923	4.45008193002746	8.58375368013855e-06	0.0004727081173852
ENSMUSG00000025221	Kcnip2	102.999385386882	122.156533577129	129.543592765325	56.6488150206428	76.8355508092519	53.5301665691752	90.2856740214012	0.918779707016454	0.207340664830518	4.43125668458462	9.36854862402541e-06	0.000511149747843238
ENSMUSG00000029385	Ccng2	81.8219416624765	93.8795582120532	108.140738308446	178.938320462031	142.694594360039	162.537051219132	128.002034037363	-0.77528027914742	0.174927371162078	-4.43201240604643	9.33576448376523e-06	0.000511149747843238
ENSMUSG00000072568	Lratd2	104.924607543646	107.45250638729	122.784796621048	48.556127160551	74.0914239946357	50.6103393017656	84.7366335014894	0.949454914466521	0.214854072633366	4.41906873269609	9.91271205633257e-06	0.000535877576072841
ENSMUSG00000045103	Dmd	42.3548874488114	42.9810025549159	25.9087185530651	102.507379561163	76.8355508092519	70.0758544178293	60.1105655575061	-1.1615418616226	0.263734702442664	-4.40420563113084	1.06172199691917e-05	0.00057123340379077
ENSMUSG00000032035	Ets1	63.5323311732171	65.6025828469769	47.311573009945	132.1805683815	107.020945770029	99.2741270919249	85.8203547122655	-0.938505581501195	0.214005443997969	-4.38542853849131	1.15757657125174e-05	0.000617286872950307
ENSMUSG00000021550	2210016F16Rik	14.4391661757311	11.3107901460305	10.1381942164168	40.4634393004592	47.5648647866797	31.1448241857019	25.8435464685032	-1.72378309592752	0.39577226456609	-4.35549241384414	1.32768115281377e-05	0.000695409883818232
ENSMUSG00000015202	Cnksr3	214.662270479203	167.399694161251	149.819981198159	315.614826543582	251.544958006479	257.918075287844	226.159967612753	-0.628535233972288	0.147647383957803	-4.25700217046799	2.07186344965639e-05	0.00103901747890215
ENSMUSG00000021765	Fst	142.466439600547	104.059269343481	94.6231460198899	198.720446342255	178.368242950049	184.922393602605	150.526656309805	-0.712455035178185	0.167542903931655	-4.2523736813635	2.11516529242422e-05	0.00105623826149235
ENSMUSG00000029245	Epha5	74.1210530354199	68.9958198907861	74.3467575870564	44.9593770005102	26.526559207956	26.278445406686	52.5380020214024	1.1497363088358	0.270974089275217	4.24297508263996	2.20575934958721e-05	0.00109683012383482
ENSMUSG00000029335	Bmp3	172.307383030392	143.647034854587	116.02600047677	229.292822702602	203.9800932198	252.078420753025	186.221959172863	-0.659387488168776	0.155788838508915	-4.23257207948851	2.3103383372868e-05	0.00114400576911449
ENSMUSG00000022101	Fgf17	170.382160873628	209.249617701564	154.325845294344	271.554637083082	240.568450748015	291.982726740955	223.010573073598	-0.591353882823772	0.140199625910893	-4.21794194514913	2.46542272303698e-05	0.00120560194153489
ENSMUSG00000038059	Smim3	187.709160284505	213.773933759977	171.222835655039	116.894380201326	116.168035152083	131.39222703343	156.19342868106	0.652691128039276	0.154727892370376	4.21831589663816	2.46133822347293e-05	0.00120560194153489
ENSMUSG00000054850	Smim10l2a	82.7845527408586	93.8795582120532	67.5879614427785	130.38219330148	161.903482062352	130.418951277627	111.159449839525	-0.791320901953341	0.188158941277492	-4.20559818513392	2.60392510344554e-05	0.00125767448131581
ENSMUSG00000016458	Wt1	6.73827754867454	11.3107901460305	2.25293204809262	27.8748137403163	32.0148128371883	27.2517211624892	17.9072245804652	-2.10320177254259	0.501244652070335	-4.19595852814699	2.71719967271428e-05	0.00129121766705394
ENSMUSG00000027712	Anxa5	135.728162051873	104.059269343481	86.7378838515657	210.409884362388	166.477026753379	170.323257265557	145.622580604707	-0.73840704735827	0.176892018458019	-4.17433784630319	2.98853988637745e-05	0.00140318496258798
ENSMUSG00000031119	Gpc4	116.475940484231	149.302429927603	141.934719029835	71.0358156608061	74.0914239946357	91.4879210454994	107.388041690435	0.783762650063202	0.188310059487558	4.16208593527096	3.15353622205965e-05	0.00146894958011751
ENSMUSG00000037239	Spred3	148.24210607084	147.040271898397	156.578777342437	82.7252536809387	95.1297295733594	99.2741270919249	121.498377609649	0.706299213539139	0.16988006378373	4.15763449699613	3.21559961420989e-05	0.00149196226194738
ENSMUSG00000033214	Slitrk5	48.1305539191038	62.2093458031678	61.955631322547	18.8829383402143	31.1001038989829	21.4120666276701	40.6151066519476	1.26629514463785	0.305117243069499	4.15019201110641	3.32196485980697e-05	0.00152927171378223
ENSMUSG00000024663	Rab3il1	25.027888037934	35.0634494526946	15.7705243366483	83.6244412209489	43.9060290338582	65.2094756388134	44.7669679534829	-1.34639765462831	0.324699081550783	-4.14660136455525	3.37446824062942e-05	0.00154139954324875
ENSMUSG00000019970	Sgk1	60.6444979380708	80.3066100368166	125.03772866914	53.9512524006122	32.9295217753937	27.2517211624892	63.3535553304204	1.21126781691827	0.29229485725202	4.1439929128616	3.41310296011557e-05	0.00155302773687112
ENSMUSG00000020388	Pdlim4	59.6818868596887	47.5053186133281	41.6792428897134	91.7171290810408	89.6414759441272	105.113781626744	72.5564725024404	-0.935597137632824	0.22594257059682	-4.14086258805268	3.46002200410519e-05	0.00156832151224537
ENSMUSG00000049939	Lrrc4	60.6444979380708	56.5539507301525	88.9908158996584	38.6650642204388	18.2941787641076	30.1715484298987	48.8866759970545	1.23970611525206	0.299720961645084	4.13620091316824	3.53103060368567e-05	0.00159437531281362
ENSMUSG00000044461	Shisa2	242.577991752283	238.657672081244	164.464039510761	486.46045914552	349.418814394455	392.230129588683	312.301517745491	-0.926468380746154	0.224098391121415	-4.13420362417596	3.56187572649423e-05	0.00160216432964635
ENSMUSG00000031673	Cdh11	132.840328816727	117.632217518717	110.393670356538	236.486323022684	171.965280382611	174.21636028877	157.255696731008	-0.689338932583112	0.166942954039955	-4.12918853956622	3.64045790915817e-05	0.00163128503648019
ENSMUSG00000024868	Dkk1	9.62611078382077	2.2621580292061	2.25293204809262	26.0764386602959	25.6118502697506	23.3586181392764	14.8646846550737	-2.35540544655993	0.570582009456269	-4.12807520658511	3.65812480454618e-05	0.00163299245536276
ENSMUSG00000020695	Mrc2	128.989884503198	134.598402737763	118.278932524862	214.006634522428	172.879989320817	204.387908718669	162.190292054623	-0.630228792274305	0.153307604675058	-4.11087756285868	3.94158180710713e-05	0.00173279946552062
ENSMUSG00000005958	Ephb3	178.083049500684	156.088904015221	130.670058789372	265.26032430301	208.553637910826	239.425835927583	196.346968407783	-0.613463022556525	0.149481015290949	-4.1039527418414	4.06150463221195e-05	0.00177277155891177
ENSMUSG00000034205	Loxl2	44.2801096055755	41.8499235403129	29.288116625204	70.1366281207959	73.1767150564303	98.3008513361217	59.5053907140734	-1.05807683417508	0.258128251404152	-4.0990353764821	4.14875625723557e-05	0.00180417315466868
ENSMUSG00000055538	Zcchc24	77.0088862705661	71.2579779199922	39.4263108416208	112.398442501275	127.144542410548	112.899987673169	90.0226912695286	-0.901874100994035	0.220178174782637	-4.09611035192011	4.20149714061702e-05	0.00182039131625631
ENSMUSG00000015568	Lpl	9.62611078382077	16.9661852190458	14.644058312602	39.564251760449	40.2471932810367	38.9310302321274	26.6631382648469	-1.54002331674285	0.378387257900129	-4.0699661116742	4.70199768189245e-05	0.0020223738204782
ENSMUSG00000024043	Arhgap28	199.26049322509	190.021274453313	120.531864572955	275.151387243122	248.800831191863	266.677557090073	216.740567962736	-0.628756047799346	0.154634066762708	-4.06609009878915	4.7808458855517e-05	0.00204138654931981
ENSMUSG00000042529	Kcnj12	33.6913877433727	50.8985556571373	55.1968351782691	25.1772511202857	9.14708938205379	13.6258605812446	31.2894966103939	1.53355417690013	0.377243553479537	4.06515674755809	4.80001909706175e-05	0.002042174189851
ENSMUSG00000022324	Matn2	69.3079976435095	64.4715038323739	75.4732236111027	30.5723763603469	28.3559770843668	40.8775817437338	51.5097767125723	1.07165393579237	0.263771163046244	4.06281688800262	4.84840623981613e-05	0.00205128784065219
ENSMUSG00000025534	Gusb	146.316883914076	151.564587956809	126.164194693187	238.284698102704	195.747712775951	209.254287497685	177.888727490068	-0.600651827231924	0.147854956691626	-4.06243957370111	4.85625207926994e-05	0.00205128784065219
ENSMUSG00000052133	Sema5b	60.6444979380708	54.2917927009464	69.8408934908711	17.9837508002041	38.4177754046259	21.4120666276701	43.7651294937314	1.24617308857078	0.306943978379136	4.05993658892213	4.90860447877508e-05	0.00206599656365587
ENSMUSG00000028444	Cntfr	102.999385386882	152.695666971412	153.199379270298	48.556127160551	72.262006118225	96.3542998245153	104.344477455314	0.912783932212282	0.22579982706388	4.04244743710122	5.28961727213037e-05	0.00220276111491365
ENSMUSG00000095139	Pou3f2	22.1400548027878	21.490501277458	24.7822525290188	2.69756262003061	2.74412681461614	8.75948180222866	13.7689966410233	2.28630048107483	0.568645052201439	4.0206108753144	5.80474206227057e-05	0.0024003117615389
ENSMUSG00000037034	Pax1	6.73827754867454	12.4418691606336	3.37939807213893	115.096005121306	25.6118502697506	64.2361998830102	37.917266675919	-3.18617201185617	0.793540092394621	-4.01513678060227	5.94113294263565e-05	0.00244812068982382
ENSMUSG00000012396	Nanog	1.92522215676415	1.13107901460305	0	14.3870006401633	28.3559770843668	8.75948180222866	9.09312678302098	-4.02167958244422	1.00524355351517	-4.00070168903953	6.31549326046614e-05	0.00258430861370116
ENSMUSG00000092035	Peg10	121.288995876142	105.190348358084	118.278932524862	86.3220038409795	53.9678273541174	41.850857499537	87.8164942422869	0.916935711349722	0.22964354929543	3.99286509097675	6.52797127352728e-05	0.00265283246408686
ENSMUSG00000031737	Irx5	69.3079976435095	82.5687680660227	145.314117101974	20.6813134202347	40.2471932810367	20.4387908718669	63.0930300641074	1.86616344130589	0.469871091777795	3.97164982898844	7.1376586498096e-05	0.00287089785624594
ENSMUSG00000034793	G6pc3	116.475940484231	108.583585401893	81.1055537313342	153.761069341745	184.771205517487	156.697396684313	133.565791860167	-0.689547403032252	0.174156595534427	-3.95935279348029	7.5153150477818e-05	0.00299216175128745
ENSMUSG00000050917	Fgf4	25.027888037934	28.2769753650763	20.2763884328335	81.8260661409285	53.9678273541174	41.850857499537	41.8710004717378	-1.27404546458044	0.321925939793745	-3.95757317784551	7.57150954563477e-05	0.00299519558009565
ENSMUSG00000025885	Myo5b	36.5792209785189	45.243160584122	52.9439031301765	17.9837508002041	18.2941787641076	16.5456878486541	31.2649836842972	1.34532525259124	0.340664718275721	3.94911823977727	7.84396011370244e-05	0.00309167457993255
ENSMUSG00000041592	Sdk2	34.6539988217548	22.621580292061	20.2763884328335	51.2536897805816	56.7119541687335	72.0224059294357	42.9233362375667	-1.19919722773555	0.303814765546117	-3.94713280501674	7.90926891770471e-05	0.00310702447317167
ENSMUSG00000033685	Ucp2	166.531716560099	159.48214105903	127.290660717233	248.175761042816	253.37437588289	189.788772381621	190.773904607282	-0.607581913879506	0.154277790236758	-3.93823318928211	8.2083801753035e-05	0.00320317087304476
ENSMUSG00000037138	Aff3	104.924607543646	74.6512149638014	66.4614954187322	186.131820782112	115.253326213878	138.205157324052	114.27127037437	-0.830423923340646	0.211199426567376	-3.93194213089271	8.4262352124361e-05	0.0032665520387684
ENSMUSG00000045532	C1ql1	102.0367743085	126.680849635542	122.784796621048	48.556127160551	79.579677623868	70.0758544178293	91.6190132945563	0.825074901432922	0.210752803891998	3.91489406639514	9.04439086639908e-05	0.00346065410261406
ENSMUSG00000001661	Hoxc6	402.371430763708	419.630314417732	609.418119009053	185.232633242102	237.824323933399	283.223244938727	356.28334438412	1.01922952244718	0.260806194282733	3.90799584055225	9.30649081290759e-05	0.00352717615830171
ENSMUSG00000034161	Scx	41.3922763704293	63.3404248177708	25.9087185530651	92.616316621051	70.4325882418142	109.98016040576	67.2784141683151	-1.06396367191694	0.272255811701346	-3.90795577610689	9.30803381613773e-05	0.00352717615830171
ENSMUSG00000019539	Rcn3	92.4106635246794	92.7484791974502	88.9908158996584	134.878131001531	152.756392680298	148.911190637887	118.449278823584	-0.670322063534352	0.171859299952588	-3.90041192835813	9.60291557896372e-05	0.00362725513134895
ENSMUSG00000061353	Cxcl12	519.809982326321	495.412608396136	398.768972512393	948.642854710765	639.38154780556	904.173177141159	651.031523815389	-0.817068750573719	0.210880490414857	-3.87455828164251	0.000106818277365122	0.00398371328717709
ENSMUSG00000027954	Efna1	40.4296652920472	38.4566864965037	33.7939807213893	78.2293159808877	84.1532223148949	61.3163726156006	56.0632072368872	-0.988192167447473	0.255952839253071	-3.86083690390482	0.000112999314821409	0.00420093667246154
ENSMUSG00000048142	Nat8l	124.176829111288	149.302429927603	163.337573486715	84.5236287609591	84.1532223148949	101.220678603531	117.785727034165	0.692632241254032	0.179554993203829	3.85749362295797	0.000114555667061935	0.00423209572515643
ENSMUSG00000020098	Pcbd1	41.3922763704293	52.0296346717403	37.1733787935282	103.406567101173	83.2385133766895	67.1560271504198	64.0660662439967	-0.962841538556287	0.249780569099699	-3.85474955888972	0.000115848158203892	0.00425317926614602
ENSMUSG00000030930	Chst15	34.6539988217548	26.0148173358702	12.3911262645094	72.8341907408265	42.9913200956528	64.2361998830102	42.1869421902706	-1.28666924561589	0.333730412229864	-3.85541502501626	0.000115533457456022	0.00425317926614602
ENSMUSG00000047751	Utf1	2.88783323514623	6.7864740876183	6.75879614427785	27.8748137403163	35.6736485900098	11.6793090696382	15.2768124778345	-2.22117202524443	0.578550504802495	-3.83920160263743	0.000123435046646951	0.00450365951930128
ENSMUSG00000039481	Nrtn	397.558375371798	399.270892154877	271.47831179516	785.889909968918	531.445893097325	749.422331968452	522.510952392755	-0.951441229576752	0.248420936692625	-3.8299558895633	0.000128166231408018	0.00464750472967229
ENSMUSG00000019916	P4ha1	101.074163230118	110.845743431099	100.255476140121	136.676506081551	172.879989320817	181.029290579392	133.793528130516	-0.651771692401883	0.170260106553596	-3.82809400038001	0.000129139438429976	0.00466843031256829
ENSMUSG00000021066	Atl1	22.1400548027878	26.0148173358702	19.1499224087872	75.5317533608571	40.2471932810367	46.7172362785529	38.3001629113153	-1.27422331170152	0.333060677347023	-3.82579931636264	0.000130348448267013	0.00468340385008153
ENSMUSG00000045875	Adra1a	14.4391661757311	12.4418691606336	4.50586409618523	52.1528773205918	20.1235966405183	36.0112029647178	23.2790960597297	-1.77258476832466	0.463243618195058	-3.82646343889466	0.000129997446876099	0.00468340385008153
ENSMUSG00000013584	Aldh1a2	452.427206839576	277.114358577747	331.181011069615	826.353349269377	771.099634907135	554.767180807815	535.490456911878	-1.0197621447257	0.266662468216789	-3.82416825114161	0.000131214291228613	0.00470018365388814
ENSMUSG00000023913	Pla2g7	115.513329405849	114.238980474908	109.267204332492	74.6325658208469	71.3472971800196	52.556890813372	89.5927113379146	0.769338353065212	0.201301100533521	3.82182884756311	0.000132465617608696	0.00471633626440629
ENSMUSG00000038168	P3h2	77.0088862705661	70.1268989053891	55.1968351782691	122.289505441388	109.765072584646	112.899987673169	91.2145310089045	-0.764894948189675	0.20010054185196	-3.82255310810485	0.000132077020350938	0.00471633626440629
ENSMUSG00000025969	Nrp2	139.578606365401	117.632217518717	98.0025440920288	191.526946022173	166.477026753379	191.735323893227	150.825444107488	-0.624053538117831	0.163396805130888	-3.81925177556524	0.000133857082989396	0.00473725442351361
ENSMUSG00000027004	Frzb	64.4949422515991	54.2917927009464	64.2085633706396	133.07975592151	85.0679312531003	109.006884649957	85.0249783579587	-0.836644659780467	0.21902796130372	-3.81980754786059	0.000133555839355435	0.00473725442351361
ENSMUSG00000022844	Pdia5	157.868216854661	171.924010219664	176.85516577527	98.0114418611122	108.85036364644	123.606020987004	139.519203224025	0.616649441283234	0.161587824386368	3.8161875353231	0.000135529512239642	0.00475361696947672
ENSMUSG00000025932	Eya1	59.6818868596887	48.6363976279312	47.311573009945	90.8179415410306	85.9826401913056	105.113781626744	72.9240368094408	-0.850153601560571	0.222695333190984	-3.81756361652841	0.000134776041301561	0.00475361696947672
ENSMUSG00000022750	Klhl22	122.251606954524	119.894375547923	111.520136380585	186.131820782112	166.477026753379	180.056014823589	147.721830207019	-0.589527286116604	0.154808215369068	-3.80811370191919	0.000140030887217788	0.00489692583341731
ENSMUSG00000035919	Bbs9	75.083664113802	62.2093458031678	48.4380390339913	107.003317261214	108.85036364644	108.033608894154	84.9363897921282	-0.794588201703478	0.209521266689948	-3.79239880636708	0.000149199055016868	0.00520210314607631
ENSMUSG00000021217	Tshz3	82.7845527408586	87.0930841244349	134.049456861511	45.8585645405204	64.0296256743765	53.5301665691752	77.8909084184794	0.891610791461454	0.235873173091626	3.78004323160186	0.000156801130546179	0.005435003892608
ENSMUSG00000096014	Sox1	90.4854413679152	173.055089234267	205.016816376428	51.2536897805816	69.5178793036088	50.6103393017656	106.656542560761	1.44850945974254	0.38379954021664	3.7741302632226	0.000160566850527676	0.00554920918905766
ENSMUSG00000022652	Morc1	0	1.13107901460305	0	13.4878131001531	20.1235966405183	4.86637877901592	6.60147792238173	-5.06774454729987	1.34559387697959	-3.76617687847634	0.000165766376032883	0.00567894401612652
ENSMUSG00000000202	Btbd17	32.7287766649906	23.7526593066641	60.8291652985007	11.6894380201326	11.8912161966699	16.5456878486541	26.2394905559353	1.54857200236841	0.413618078759982	3.74396594803349	0.000181138212904817	0.0061166585647085
ENSMUSG00000031486	Adgra2	24.0652769595519	26.0148173358702	18.0234563847409	57.548002560653	49.3942826630905	46.7172362785529	36.9605120304099	-1.17275465142036	0.31355790995937	-3.74015329918584	0.000183908056547212	0.0061924469897397
ENSMUSG00000039115	Itga9	127.064662346434	101.797111314275	83.3584857794268	197.821258802245	128.973960286958	187.842220870015	137.809616566559	-0.714763101874707	0.191859162805468	-3.72545721258789	0.000194961522223712	0.00645399308822036
ENSMUSG00000020598	Nrcam	15.4017772541132	24.8837383212671	29.288116625204	7.19350032008163	4.5735446910269	5.83965453481911	14.5300552910853	1.97328013005134	0.532663094819506	3.70455574873268	0.000211761533424081	0.00691304618117118
ENSMUSG00000036295	Lrrn3	45.2427206839576	41.8499235403129	56.3233012023154	11.6894380201326	21.0383055787237	27.2517211624892	33.8992350313219	1.2634127708371	0.342010773814456	3.69407301631531	0.000220690386275925	0.00714515440181808
ENSMUSG00000032482	Cspg5	10.5887218622028	19.2283432482519	13.5175922885557	1.79837508002041	2.74412681461614	0.973275755803185	8.14173917490836	2.95760625161514	0.802489265336367	3.68553995594627	0.000228218272730254	0.00734850367247554
ENSMUSG00000041559	Fmod	42.3548874488114	37.3256074819007	14.644058312602	76.4309409008673	52.1384094777066	81.7551634874675	50.7748445182259	-1.14511948707826	0.310977222816519	-3.68232591669227	0.00023111568169825	0.00739459282499914
ENSMUSG00000051176	Zfp42	0	1.13107901460305	1.12646602404631	15.2861881801735	21.0383055787237	6.81293029062229	7.56582818136147	-4.32947378251612	1.17570108127625	-3.68246134282396	0.000230992903574835	0.00739459282499914
ENSMUSG00000055148	Klf2	11.5513329405849	6.7864740876183	5.63233012023154	27.8748137403163	27.4412681461614	26.278445406686	17.5941107402664	-1.74638275970646	0.47431986662382	-3.68186720100321	0.000231532011236715	0.00739459282499914
ENSMUSG00000005892	Trh	45.2427206839576	59.9471877739617	40.5527768656671	267.058699383031	167.391735691584	85.6482665106803	110.973564484814	-1.83662928399785	0.499175059551984	-3.6793290226604	0.000233848407630931	0.00743101837615425
ENSMUSG00000057098	Ebf1	40.4296652920472	31.6702124088854	31.5410486732966	96.2130667810918	59.4560809833497	57.4232695923879	52.7888906218431	-1.03617425836731	0.282412028238149	-3.66901602892615	0.000243485814459337	0.0076929767383466
ENSMUSG00000031327	Chic1	117.438551562613	130.074086679351	146.44058312602	76.4309409008673	88.7267670059218	81.7551634874675	106.811015460373	0.671329789964479	0.183058815874626	3.66729013709049	0.000245134594879084	0.00772436149906417
ENSMUSG00000055817	Mta3	105.887218622028	114.238980474908	86.7378838515657	150.164319181704	197.577130652362	138.205157324052	132.13511501777	-0.663255863225079	0.181179950483709	-3.66075750354462	0.000251470678823671	0.00786209255105693
ENSMUSG00000025558	Dock9	41.3922763704293	50.8985556571373	59.7026992744543	21.5805009602449	25.6118502697506	21.4120666276701	36.7663248599478	1.14209811678066	0.312313791309693	3.65689299851683	0.000255290884007154	0.00793826667024885
ENSMUSG00000044338	Aplnr	58.7192757813067	49.7674766425342	51.8174371061302	100.709004481143	86.897349129511	91.4879210454994	73.233077364354	-0.796484421824834	0.218454994223767	-3.64598861497752	0.000266365768798482	0.00821759315520971
ENSMUSG00000040364	Sec1	13.4765550973491	21.490501277458	4.50586409618523	50.3545022405714	29.2706860225721	36.0112029647178	25.8515519498089	-1.55141142189206	0.426051985267568	-3.64136648939153	0.000271194754688894	0.00832299527085578
ENSMUSG00000022053	Ebf2	15.4017772541132	18.0972642336488	9.01172819237047	42.2618143804796	32.9295217753937	36.984478720521	25.7810974260878	-1.3968344164367	0.384800533232496	-3.63002203947763	0.000283397020802511	0.00863006173167335
ENSMUSG00000005640	Insrr	10.5887218622028	13.5729481752366	5.63233012023154	48.556127160551	20.1235966405183	28.2249969182924	21.1164534795054	-1.70111203595633	0.469170516989718	-3.62578630658843	0.000288083516147754	0.0087501655613435
ENSMUSG00000068614	Actc1	21.1774437244057	14.7040271898397	16.8969903606946	49.4553147005612	40.2471932810367	37.9577544763242	30.0731206221437	-1.2668983279797	0.349892054229482	-3.62082623102034	0.000293663708102985	0.00889672699227166
ENSMUSG00000028527	Ak4	84.7097748976227	79.1755310222135	85.6114178275194	119.591942821357	146.353430112861	128.47239976602	107.319082741266	-0.659970701158177	0.182487889557255	-3.61651780158877	0.000298592791941379	0.00902286167443372
ENSMUSG00000029007	Agtrap	81.8219416624765	73.5201359491983	54.0703691542228	106.104129721204	131.718087101575	112.899987673169	93.3557752103076	-0.738263048537583	0.204525392298761	-3.60964005613134	0.000306622184792067	0.00923051212734575
ENSMUSG00000041895	Wipi1	44.2801096055755	53.1607136863434	42.8057089137597	93.5155041610612	92.3856027587433	68.1293029062229	65.712823671951	-0.861211104564293	0.238609272277275	-3.60929437630372	0.000307031035546842	0.00923051212734575
ENSMUSG00000000303	Cdh1	15.4017772541132	21.490501277458	10.1381942164168	59.3463776406734	43.9060290338582	24.3318938950796	29.1024622195999	-1.44457953386999	0.400678552339303	-3.60533281713239	0.000311753136260237	0.00932927958907965
ENSMUSG00000040913	Fbxw4	110.700274013939	102.928190328878	99.1290101160751	166.349694901888	169.221153567995	139.178433079855	131.251126001438	-0.601287057944055	0.166893139620651	-3.60282669084411	0.000314775411314204	0.00939146385401997
ENSMUSG00000009900	Wnt3a	93.3732746030614	91.6174001828471	41.6792428897134	180.736695542051	167.391735691584	174.21636028877	124.835784866338	-1.2015785773239	0.333630394105101	-3.60152611558938	0.000316354635998808	0.00941474592233825
ENSMUSG00000030621	Me3	0.962611078382077	4.5243160584122	4.50586409618523	30.5723763603469	14.6353430112861	10.706033313835	10.9844239864079	-2.52533000166752	0.702555019738084	-3.59449428261003	0.000325022282057533	0.00962408943228149
ENSMUSG00000037708	Spag6	2.88783323514623	3.39323704380915	0	17.9837508002041	11.8912161966699	15.572412092851	8.62140822811339	-2.83462622066288	0.792306419002161	-3.57768932912703	0.000346645117441551	0.010187562865458
ENSMUSG00000036155	Mgat5	51.0183871542501	72.3890569345952	63.0820973465933	116.894380201326	90.5561848823325	107.06033313835	83.5000732762413	-0.760587729970065	0.213412008204873	-3.56394064405182	0.000365328599627404	0.0106569246203192
ENSMUSG00000063564	Col23a1	64.4949422515991	47.5053186133281	46.1851069858986	115.995192661316	85.0679312531003	81.7551634874675	73.500609208785	-0.832265666982743	0.233976601651887	-3.55704656408763	0.000375047697140674	0.0108597963410389
ENSMUSG00000016262	Sertad4	38.5044431352831	41.8499235403129	24.7822525290188	92.616316621051	53.053118415912	67.1560271504198	52.9936802319996	-1.01529313171852	0.285790877774236	-3.55257361475535	0.000381482262130201	0.0109652889248888
ENSMUSG00000045731	Pnoc	10.5887218622028	12.4418691606336	20.2763884328335	0	0.914708938205379	4.86637877901592	8.18134452881521	2.93812333000402	0.82828653441579	3.5472305873913	0.000389303694282222	0.0111251814487525
ENSMUSG00000052942	Glis3	42.3548874488114	28.2769753650763	42.8057089137597	12.5886255601429	17.3794698259022	15.572412092851	26.4963465344239	1.3210330391912	0.37245321099995	3.54684293268551	0.000389876957007619	0.0111251814487525
ENSMUSG00000000567	Sox9	155.942994697896	159.48214105903	171.222835655039	109.700879881245	90.5561848823325	123.606020987004	135.085176193758	0.588224443085619	0.166562082985466	3.53156272149255	0.000413111877314819	0.0117031814282575
ENSMUSG00000024909	Efemp2	63.5323311732171	72.3890569345952	63.0820973465933	104.305754641184	108.85036364644	109.98016040576	87.0232940246315	-0.700728459594249	0.198754245974852	-3.52560246528224	0.000422520690143934	0.0119124553429337
ENSMUSG00000035245	Eogt	56.7940536245425	65.6025828469769	37.1733787935282	87.2211913809898	103.362110017208	90.5146452896962	73.4446603254902	-0.814880747740811	0.231322683363029	-3.52270143115177	0.000427172292364905	0.0119617176125409
ENSMUSG00000041378	Cldn5	0.962611078382077	3.39323704380915	2.25293204809262	35.9675016004081	4.5735446910269	11.6793090696382	9.80485592189285	-3.01475314362501	0.855655042881317	-3.52332773435565	0.000426164030861683	0.0119617176125409
ENSMUSG00000022040	Ephx2	5.77566647029246	3.39323704380915	2.25293204809262	23.3788760402653	19.208887702313	12.6525848254414	11.1103640217023	-2.25063151914228	0.641374989516743	-3.50907278258242	0.000449671832435801	0.0125280911235364
ENSMUSG00000017969	Ptgis	59.6818868596887	53.1607136863434	49.5645050580376	97.112254321102	90.5561848823325	88.5680937780898	73.107273097599	-0.762899938129097	0.217465904202884	-3.50813586582913	0.000451258524432154	0.0125426455434739
ENSMUSG00000008206	Cers4	151.129939305986	126.680849635542	132.922990837464	101.608192021153	84.1532223148949	79.8086119758612	112.71730101515	0.630155846308535	0.180176735536976	3.49743181010855	0.000469760788887268	0.0130261903459681
ENSMUSG00000025978	Rftn2	32.7287766649906	35.0634494526946	31.5410486732966	57.548002560653	86.897349129511	52.556890813372	49.3892528824196	-0.989786289146989	0.283278909225409	-3.49403452538502	0.000475779484943271	0.0131621155635128
ENSMUSG00000001506	Col1a1	0.962611078382077	3.39323704380915	3.37939807213893	23.3788760402653	10.9765072584646	12.6525848254414	9.12386905308357	-2.64087545859572	0.757284480706033	-3.48729642014263	0.000487930237755121	0.0133776565061709
ENSMUSG00000030313	Dennd5b	130.915106659962	139.122718796175	168.969903606946	87.2211913809898	82.3238044384841	112.899987673169	120.242118759288	0.636331965016367	0.18247662334486	3.48719717272372	0.000488111353216249	0.0133776565061709
ENSMUSG00000034648	Lrrn1	101.074163230118	109.714664416496	54.0703691542228	226.595260082571	163.732899938763	183.949117846802	139.856079111495	-1.11510413729358	0.32021655439365	-3.48234381387651	0.000497045075873414	0.013559435692519
ENSMUSG00000000901	Mmp11	115.513329405849	109.714664416496	85.6114178275194	169.047257521918	148.182847989271	152.8042936611	130.145635137026	-0.593236401809972	0.170433518757551	-3.48074959746549	0.000500012706036198	0.0135849514896032
ENSMUSG00000040990	Sh3kbp1	137.653384208637	117.632217518717	150.946447222205	85.4228163009693	76.8355508092519	99.2741270919249	111.294090525284	0.637632501711012	0.183372952305822	3.47724401932295	0.000506596529632259	0.0137246898890027
ENSMUSG00000030543	Mesp2	77.9714973489482	72.3890569345952	72.0938255389637	105.204942181194	128.973960286958	119.712917963792	96.0577000424085	-0.667449942181793	0.192008132470047	-3.47615454405773	0.000508659076781711	0.0137261576190375
ENSMUSG00000013846	St3gal1	65.4575533299812	47.5053186133281	64.2085633706396	99.8098169411326	87.8120580677164	111.926711917366	79.4533370400274	-0.75245449538987	0.216736668849436	-3.47174522605858	0.000517086819929766	0.013912941033955
ENSMUSG00000033837	Foxh1	58.7192757813067	38.4566864965037	48.4380390339913	104.305754641184	96.0444385115648	64.2361998830102	68.36673239126	-0.857155888570976	0.249109937977755	-3.44087391907873	0.000579838652354278	0.015460177642523
ENSMUSG00000041120	Nbl1	53.9062203893963	52.0296346717403	41.6792428897134	99.8098169411326	87.8120580677164	71.0491301736325	67.7143505222219	-0.807937655506047	0.235198298294742	-3.43513393321226	0.000592261036643512	0.0156849355434692
ENSMUSG00000020679	Hnf1b	27.9157212730802	31.6702124088854	30.4145826492503	8.09268786009183	13.7206340730807	11.6793090696382	20.5821912223378	1.42625788369276	0.418365406612112	3.40912002080306	0.000651727997368342	0.0171442286807721
ENSMUSG00000026497	Mixl1	3.85044431352831	6.7864740876183	4.50586409618523	27.8748137403163	15.5500519494914	16.5456878486541	12.518889339299	-2.00004738255041	0.587882149870503	-3.40212299861626	0.000668645373528126	0.0174722521663613
ENSMUSG00000066652	Lefty2	0	1.13107901460305	0	16.1853757201837	12.8059251348753	1.94655151160637	5.34482189687807	-4.75473160063366	1.40031918760896	-3.39546272214719	0.000685127028966643	0.0178238897050152
ENSMUSG00000050103	Agmo	0	1.13107901460305	0	12.5886255601429	5.48825362923228	10.706033313835	4.98566525296887	-4.6446601064614	1.36866435246136	-3.39357132967524	0.000689875895146939	0.0178721335080387
ENSMUSG00000032754	Slc8b1	18.2896104892595	24.8837383212671	21.4028544568799	57.548002560653	41.1619022192421	40.8775817437338	34.0272816318392	-1.12008068919952	0.330400510307081	-3.39006948917389	0.000698749091940495	0.0180586799309621
ENSMUSG00000002324	Rec8	17.3269994108774	23.7526593066641	12.3911262645094	50.3545022405714	41.1619022192421	33.0913756973083	29.6797608565288	-1.22436137783312	0.361457134090943	-3.3872934363638	0.000705858481124639	0.0182024993436627
ENSMUSG00000038267	Slc22a23	83.7471638192407	95.0106372266563	107.014272284399	53.9512524006122	58.5413720451443	60.3430968597975	76.4346324393084	0.722995613728003	0.213690213059067	3.38338196858907	0.000715989760523778	0.0184234483139142
ENSMUSG00000001240	Ramp2	68.3453865651274	65.6025828469769	52.9439031301765	124.987068061418	86.897349129511	99.2741270919249	83.0084028041892	-0.733084644521838	0.216905499574984	-3.37974208103659	0.000725538809939665	0.0186284855667515
ENSMUSG00000042514	Klhl14	9.62611078382077	4.5243160584122	1.12646602404631	25.1772511202857	18.2941787641076	18.4922393602605	12.8734270184888	-1.98014791924903	0.591332929222822	-3.34861770991089	0.000812157732372811	0.0204952438458535
ENSMUSG00000054720	Lrrc8c	60.6444979380708	47.5053186133281	82.2320197553805	31.4715639003571	34.7589396518044	33.0913756973083	48.2839525927082	0.937956401084788	0.280367658213432	3.34545149416186	0.000821487265551498	0.0206422759584742
ENSMUSG00000066687	Zbtb16	130.915106659962	134.598402737763	176.85516577527	94.4146917010714	96.9591474497702	102.193954359334	122.656078113862	0.589396944067491	0.176439369602242	3.34050697072998	0.000836255813846435	0.0209431831181846
ENSMUSG00000006127	Inpp5k	42.3548874488114	35.0634494526946	32.6675146973429	71.9350032008163	63.1149167361712	66.1827513946166	51.8864204884088	-0.864496027694346	0.259294085395284	-3.33403681914477	0.000855953266009096	0.021284370975438
ENSMUSG00000028378	Ptgr1	22.1400548027878	15.8351062044427	16.8969903606946	49.4553147005612	38.4177754046259	36.0112029647178	29.7927407396383	-1.16775931546071	0.350811884088902	-3.32873362740693	0.000872418001661932	0.0216451497886018
ENSMUSG00000036904	Fzd8	55.8314425461604	80.3066100368166	64.2085633706396	120.491130361367	95.1297295733594	107.06033313835	87.1713015044489	-0.693805671077829	0.208958542820711	-3.3203029735574	0.000899198047780081	0.0222627079686728
ENSMUSG00000048138	Dmrt2	313.811211552557	255.623857300289	180.234563847409	640.221528487265	389.666007675492	477.878396099364	376.239260827063	-1.00699841327885	0.303682178499235	-3.31596150375147	0.000913284083987777	0.0225640522637232
ENSMUSG00000038244	Mical2	23.1026658811698	15.8351062044427	28.1616506011577	4.49593770005102	7.31767150564303	8.75948180222866	14.6120856157822	1.71291447613972	0.516996398297929	3.31320388648553	0.000922337162496682	0.0227400490795469
ENSMUSG00000034485	Uaca	45.2427206839576	28.2769753650763	34.9204467454356	101.608192021153	65.8590435507873	47.6905120343561	53.932981733461	-0.983750634371032	0.298025495455768	-3.30089421667294	0.000963772126419819	0.0235785351687804
ENSMUSG00000038156	Spon1	6.73827754867454	11.3107901460305	14.644058312602	45.8585645405204	18.2941787641076	29.1982726740955	21.0073569976718	-1.53032225177217	0.463631974755709	-3.30072629822072	0.000964349083695557	0.0235785351687804
ENSMUSG00000068740	Celsr2	77.0088862705661	72.3890569345952	76.599689635149	33.2699389803775	46.6501558484743	49.6370635459624	59.2591318691874	0.806271261136215	0.244732792544582	3.29449622485446	0.000985982690760559	0.0239884195327216
ENSMUSG00000008489	Elavl2	78.9341084273303	88.224163139038	100.255476140121	46.7577520805306	59.4560809833497	54.5034423249784	71.3551705158914	0.732138038489308	0.222778529248646	3.28639407468284	0.00101478932289065	0.0245570681114299
ENSMUSG00000066026	Dhrs3	66.4201644083633	82.5687680660227	42.8057089137597	97.112254321102	107.935654708235	111.926711917366	84.7948770558081	-0.723127305468229	0.221971850200573	-3.25774328958746	0.00112301947446083	0.0269547545957656
ENSMUSG00000041309	Nkx6-2	0.962611078382077	1.13107901460305	3.37939807213893	19.7821258802245	6.40296256743765	12.6525848254414	7.38512690637126	-2.85426853336794	0.878574967270514	-3.2487478470225	0.0011591417939063	0.0277088966352652
ENSMUSG00000028289	Epha7	54.8688314677784	52.0296346717403	39.4263108416208	100.709004481143	69.5178793036088	81.7551634874675	66.3844707088931	-0.780584955543974	0.240869931365718	-3.24069073760309	0.00119240470233339	0.0283888675090888
ENSMUSG00000030352	Tspan9	254.129324692868	255.623857300289	152.072913246252	473.871833585377	343.930560765223	387.363750809668	311.165373399946	-0.863834640384969	0.269374844634537	-3.20681257953741	0.00134214405818358	0.0315083022424174
ENSMUSG00000000555	Itga5	83.7471638192407	64.4715038323739	64.2085633706396	104.305754641184	101.532692140797	130.418951277627	91.4474381803103	-0.654628459333567	0.204210192529712	-3.20566006634718	0.0013475307622174	0.0315248396621512
ENSMUSG00000073894	Rbmxl2	1.92522215676415	5.65539507301525	0	13.4878131001531	24.6971413315452	6.81293029062229	8.76308365868333	-2.58634940366712	0.806856479645122	-3.20546400619434	0.00134844910568775	0.0315248396621512
ENSMUSG00000034463	Scara3	4.81305539191038	6.7864740876183	3.37939807213893	20.6813134202347	23.7824323933399	11.6793090696382	11.8536637391467	-1.91174768739369	0.599055234549868	-3.19127115019733	0.00141648276322722	0.0329255411531218
ENSMUSG00000037625	Cldn11	6.73827754867454	12.4418691606336	19.1499224087872	26.0764386602959	43.9060290338582	28.2249969182924	22.756255621757	-1.37677784607736	0.431666184009835	-3.1894503138703	0.00142543640462751	0.0330684410010536
ENSMUSG00000024617	Camk2a	19.2522215676415	19.2283432482519	21.4028544568799	44.0601894605	39.3324843428313	41.850857499537	30.8544917626069	-1.06609384648851	0.334824988404865	-3.18403310209154	0.00145238402553562	0.033627398312254
ENSMUSG00000059146	Ntrk3	12.513944018967	12.4418691606336	13.5175922885557	41.3626268404694	24.6971413315452	29.1982726740955	22.2885743857111	-1.31047256116783	0.411793486504165	-3.18235378682846	0.0014608325421374	0.0337566892335085
ENSMUSG00000049382	Krt8	12.513944018967	7.91755310222135	5.63233012023154	35.9675016004081	19.208887702313	22.3853423834733	17.2709264879357	-1.55647626039139	0.489359764588227	-3.18063799483207	0.00146951132914363	0.0338907847631266
ENSMUSG00000051146	Camk2n2	71.2332198002737	70.1268989053891	74.3467575870564	30.5723763603469	53.053118415912	38.9310302321274	56.3772335501843	0.81569512300981	0.256646678715729	3.17828045580634	0.00148151369568751	0.0341008572337447
ENSMUSG00000021453	Gadd45g	72.1958308786557	58.8161087593586	77.7261556591953	102.507379561163	108.85036364644	112.899987673169	88.8326376963304	-0.633344644757323	0.199500006851063	-3.17465976444876	0.00150012283277917	0.0344618861292447
ENSMUSG00000048373	Fgfbp1	5.77566647029246	0	4.50586409618523	19.7821258802245	19.208887702313	9.73275755803185	9.8342169511745	-2.21389931307776	0.700875440178869	-3.15876286450093	0.00158440352727876	0.0361864255212793
ENSMUSG00000047281	Sfn	4.81305539191038	4.5243160584122	2.25293204809262	17.9837508002041	16.4647608876968	13.6258605812446	9.94411262792678	-2.04173549449921	0.647788170001549	-3.15185671651633	0.00162235862470816	0.0368391067286814
ENSMUSG00000038175	Mylip	56.7940536245425	57.6850297447556	64.2085633706396	84.5236287609591	94.2150206351541	106.087057382547	77.252225586433	-0.672813530043212	0.213561965893739	-3.15043705103361	0.00163026383919205	0.0369474218170737
ENSMUSG00000057614	Gnai1	89.5228302895331	70.1268989053891	74.3467575870564	52.1528773205918	43.9060290338582	43.7974090111433	62.3088003579287	0.745404972091917	0.236747205654133	3.14852701231409	0.00164095556616263	0.0370472439602043
ENSMUSG00000043857	Mgat5b	61.6071090164529	64.4715038323739	69.8408934908711	36.8666891404184	36.5883575282152	38.9310302321274	51.3842638734098	0.800801769228286	0.254875619593239	3.14193162337889	0.00167837226401018	0.0376722048392902
ENSMUSG00000075254	Heg1	111.662885092321	122.156533577129	120.531864572955	76.4309409008673	74.0914239946357	85.6482665106803	98.4203191080981	0.58503351685068	0.186233389672731	3.14139971290198	0.00168142382227125	0.0376722048392902
ENSMUSG00000036002	Fam214b	54.8688314677784	75.7822939784044	90.1172819237047	31.4715639003571	40.2471932810367	51.5836150575688	57.3451299348083	0.838354884568954	0.267431342181237	3.13484155496182	0.00171946955721554	0.0382665502302314
ENSMUSG00000056481	Cd248	32.7287766649906	23.7526593066641	18.0234563847409	51.2536897805816	45.735446910269	51.5836150575688	37.1796073508025	-0.983090870889525	0.313863592621407	-3.13222334160739	0.00173487846550335	0.0385038469227062
ENSMUSG00000029671	Wnt16	30.8035545082265	28.2769753650763	11.2646602404631	65.6406904207449	40.2471932810367	44.7706847669465	36.833959763749	-1.08979553810453	0.348304678892071	-3.12885701556201	0.00175487680274419	0.0388015443158353
ENSMUSG00000021792	Prxl2a	23.1026658811698	39.5877655111068	27.0351845771114	51.2536897805816	57.6266631069389	59.3698211039943	42.9959649934838	-0.915245752372778	0.292660938829855	-3.12732459627923	0.00176405046387981	0.0389313384210178
ENSMUSG00000050957	Insl6	14.4391661757311	24.8837383212671	33.7939807213893	9.89106294011224	8.23238044384841	6.81293029062229	16.3422098154951	1.53872680417475	0.493696493189263	3.11674647359682	0.00182858753067207	0.0399072297203155
ENSMUSG00000070327	Rnf213	71.2332198002737	46.3742395987251	64.2085633706396	85.4228163009693	95.1297295733594	114.846539184776	79.5358513047905	-0.692314724318217	0.222244353674052	-3.11510602124714	0.00183878805108595	0.0399817660185387
ENSMUSG00000019823	Mical1	98.1863299949718	79.1755310222135	84.4849518034731	160.055382121816	128.059251348753	109.006884649957	109.828055156864	-0.598904310966187	0.192644161567069	-3.10886302545784	0.00187808765161891	0.0406114916960163
ENSMUSG00000020589	Fam49a	89.5228302895331	115.370059489511	117.152466500816	56.6488150206428	72.262006118225	76.8887847084516	87.97416035453	0.643793199562114	0.207321659977529	3.10528672996296	0.00190094651364403	0.040955492985914
ENSMUSG00000024366	Gfra3	53.9062203893963	99.5349532850685	179.108097823363	29.6731888203367	44.8207379720636	31.1448241857019	73.0313370793217	1.65229439114586	0.532637384661944	3.10209992525129	0.00192153084557436	0.0413234325092953
ENSMUSG00000025854	Fam20c	66.4201644083633	66.73366186158	57.4497672263617	35.0683140603979	42.0766111574474	31.1448241857019	49.8155571499754	0.815076637635019	0.262929916619472	3.09997678512426	0.00193535810949159	0.0414694460370154
ENSMUSG00000025732	Mcrip2	118.401162640995	110.845743431099	98.0025440920288	71.9350032008163	66.7737524889927	76.8887847084516	90.474498427064	0.605377650266028	0.195540068621674	3.09592634662156	0.00196199089510257	0.0419638161502428
ENSMUSG00000020648	Dus4l	83.7471638192407	82.5687680660227	69.8408934908711	48.556127160551	53.9678273541174	39.9043059879306	63.0975143131222	0.728981850258456	0.235594012625338	3.09422910257803	0.001973250456618	0.0420520011414885
ENSMUSG00000039787	Cercam	103.961996465264	167.399694161251	113.773068428677	69.2374405807857	75.0061329328411	100.247402847728	104.937622569425	0.654297430606368	0.211619834862932	3.09185304406915	0.00198911295017861	0.042313530898655
ENSMUSG00000032419	Tbx18	9.62611078382077	5.65539507301525	16.8969903606946	35.9675016004081	32.0148128371883	18.4922393602605	19.7755083358979	-1.43317789735092	0.464267105787147	-3.08696842719672	0.00202209072772864	0.0428603223494281
ENSMUSG00000018169	Mfng	64.4949422515991	52.0296346717403	87.864349875612	26.9756262003061	36.5883575282152	48.6637877901592	52.7694497196053	0.868383192752115	0.282259923150416	3.07653733856278	0.00209420072350897	0.0439791387877609
ENSMUSG00000057751	Megf6	88.5602192111511	75.7822939784044	75.4732236111027	137.575693621561	86.897349129511	154.750845172706	103.173270787406	-0.656579366319213	0.213364226297734	-3.07727015775834	0.00208905873688801	0.0439791387877609
ENSMUSG00000060487	Samd5	9.62611078382077	13.5729481752366	14.644058312602	2.69756262003061	0.914708938205379	3.89310302321274	7.55808197551802	2.33903807582824	0.760390453856523	3.07610131606097	0.0020972656765992	0.0439791387877609
ENSMUSG00000047992	Dipk1c	16.3643883324953	19.2283432482519	39.4263108416208	4.49593770005102	11.8912161966699	8.75948180222866	16.6942796868863	1.57239749556329	0.511576057120461	3.0736338686645	0.00211468787022855	0.0442424825918737
ENSMUSG00000040616	Tmem51	5.77566647029246	5.65539507301525	2.25293204809262	18.8829383402143	13.7206340730807	18.4922393602605	10.7966342274926	-1.88753942669666	0.615108584427634	-3.06862800240878	0.00215044181457258	0.0447611307809035
ENSMUSG00000020044	Timp3	65.4575533299812	46.3742395987251	51.8174371061302	118.692755281347	71.3472971800196	84.6749907548771	73.0607122085133	-0.742226042616961	0.24223456521951	-3.064079818437	0.00218340647339487	0.0451428864718571
ENSMUSG00000075334	Rprm	62.569720094835	66.73366186158	88.9908158996584	28.7740012803265	43.9060290338582	51.5836150575688	57.0929738713045	0.8136790562863	0.265544355635382	3.06419262551963	0.00218258329111057	0.0451428864718571
ENSMUSG00000043342	Hoxd9	68.3453865651274	153.826745986015	58.576233250408	193.325321102194	378.689500417027	258.891351043647	185.27575639407	-1.56665970573213	0.511840855075904	-3.06083363646264	0.00220721697030347	0.0453171637544014
ENSMUSG00000032198	Dock6	76.0462751921841	64.4715038323739	50.6909710820839	107.902504801224	100.617983202592	92.4611968013026	82.0317391519601	-0.648797113552583	0.212521502781005	-3.05285397036338	0.00226676216588417	0.0462762886937908
ENSMUSG00000037843	Vstm2l	26.9531101946981	41.8499235403129	38.2998448175745	14.3870006401633	20.1235966405183	13.6258605812446	25.8732227357519	1.1455301868704	0.375354620130319	3.05186116124715	0.00227427268097204	0.0462762886937908
ENSMUSG00000038793	Lefty1	0	3.39323704380915	3.37939807213893	15.2861881801735	21.0383055787237	3.89310302321274	7.831705316343	-2.62614776859438	0.865065178700391	-3.03578023165805	0.00239914163657589	0.0483314259607639
ENSMUSG00000010066	Cacna2d2	28.8783323514623	27.1458963504732	39.4263108416208	9.89106294011224	18.2941787641076	12.6525848254414	22.7147276788696	1.22268287658774	0.403003763098073	3.03392421745251	0.00241395059624319	0.048464067762736
ENSMUSG00000053475	Tnfaip6	1.92522215676415	4.5243160584122	2.25293204809262	24.2780635802755	5.48825362923228	13.6258605812446	8.68244134233689	-2.33675826936764	0.7724355839465	-3.02518205780831	0.00248483504860464	0.049717794648227
