gene_id	NA.	X300_cells_rep1	X300_cells_rep2	X300_cells_rep3	X1200_cells_rep1	X1200_cells_rep2	X1200_cells_rep3	baseMean	log2FoldChange	lfcSE	stat	pvalue	padj
ENSMUSG00000031987	Egln1	517.289819074914	627.708087491023	483.314123413403	1539.50854972369	1710.73235535045	1341.47484495851	1036.67129666867	1.49432230285539	0.100652540231674	14.8463446567357	7.34667775666848e-50	9.01143493632955e-46
ENSMUSG00000021831	Ero1l	99.5471816776467	135.671776835236	113.607702316298	481.096421788653	595.556159218389	380.924576639229	301.067303079242	2.06159815737165	0.157908077923992	13.0556852092392	5.89769921271559e-39	3.61705892715847e-35
ENSMUSG00000030103	Bhlhe40	6.22169885485292	7.23582809787923	8.6649942444634	176.80293500733	213.705944200405	126.974858879743	89.9343765474457	4.55038207484135	0.355950415265691	12.7837526792737	2.02078817554963e-37	8.26232925376391e-34
ENSMUSG00000020766	Galk1	535.066101517351	604.191646172916	465.021357786203	1122.15740382203	1252.94601802776	1077.83238987995	842.869152867703	1.10460232721766	0.0949878745344431	11.6288771870259	2.93938388917896e-31	9.01362069616729e-28
ENSMUSG00000023175	Bsg	3797.01392970453	4067.43986952036	3394.75218955311	7739.63868552496	7392.92390723738	6157.79601880158	5424.92743339032	0.918550884753209	0.0799507737106214	11.4889555425426	1.49913449459721e-30	3.67767674214588e-27
ENSMUSG00000020407	Upp1	113.768207631596	121.200120639477	107.831039486656	380.066173213036	337.373343382366	312.106141673872	228.7241710045	1.58294072657066	0.139051892141757	11.3838129218473	5.03491984103039e-30	1.02930544616798e-26
ENSMUSG00000020277	Pfkl	727.938766017792	909.905383308313	683.571768174335	1490.19616649035	1625.03301732085	1454.87987159156	1148.58749548387	0.976516622905377	0.0926812075722295	10.5362958520404	5.87682322258403e-26	1.02978733783165e-22
ENSMUSG00000040280	Ndufa4l2	4.44407061060923	2.71343553670471	0.962777138273712	174.397452898387	125.837002676381	95.958099458737	67.385473053182	5.58048582430982	0.534152596218577	10.4473625398729	1.50656678793078e-25	2.30994352759486e-22
ENSMUSG00000003541	Ier3	7.99932709909661	8.14030661011413	4.81388569136856	96.2192843577306	170.313874311998	77.5418985525148	60.8380961038038	4.02822703158507	0.400970655946146	10.0461890960073	9.5488983711132e-24	1.30140874911194e-20
ENSMUSG00000037161	Mgarp	16.8874683203151	24.4209198303424	18.2927656272005	125.08506966505	143.193830631744	101.773741850176	71.6089659874712	2.63098655921782	0.269015600491339	9.78005199108341	1.37140080210137e-22	1.68216022385754e-19
ENSMUSG00000064370	mt-Cytb	14420.1203173048	11930.9760548906	12835.7448074651	8719.87264491934	7287.69813775799	7985.84627717711	10530.0430399192	-0.707923955185666	0.0729198479888616	-9.70824781880785	2.78076112093233e-22	3.10080144630508e-19
ENSMUSG00000038412	Higd1a	377.746001901784	398.875023895593	327.344227013062	755.321382208185	750.682809069444	658.136863964469	544.684384675423	0.968382289826796	0.100074857721484	9.67657923153761	3.79191419291131e-22	3.87596829085418e-19
ENSMUSG00000028527	Ak4	118.212278242205	144.716561957585	127.08658225213	297.077040454493	336.288541635156	307.25977301434	221.773462925985	1.27059860437043	0.137213697448129	9.25999829463645	2.04435477068597e-20	1.84001687436926e-17
ENSMUSG00000073421	H2-Ab1	12.4433977097058	15.3761347079934	7.70221710618969	91.4083201398441	110.649778215438	83.3575409439534	53.4895648038541	2.99737656843001	0.323791350271843	9.25712365668053	2.1001333964756e-20	1.84001687436926e-17
ENSMUSG00000000628	Hk2	236.424556484411	298.477909037518	256.098718780807	489.515609169955	567.351313790924	569.932954360983	402.9668436041	1.04208719021774	0.112959074782218	9.22535167915337	2.82631899936392e-20	2.31117525641319e-17
ENSMUSG00000032231	Anxa2	71.1051297697477	67.8358884176178	39.4738626692222	570.099259819554	512.026424683205	349.907817218223	268.408063762928	3.00178956059664	0.325818356862005	9.21307684903709	3.1690797794281e-20	2.42949578590407e-17
ENSMUSG00000035105	Egln3	17.7762824424369	18.994048756933	18.2927656272005	141.923444427653	109.564976468228	83.3575409439534	64.9848431110674	2.59777970951761	0.288473885269471	9.0052508811706	2.15173272132433e-19	1.55253844469202e-16
ENSMUSG00000021196	Pfkp	10.6657694654621	14.4716561957585	4.81388569136856	109.449435956919	77.0209240519228	81.4189934801405	49.6401108069285	3.14563324533914	0.351323762748635	8.95365921373722	3.4388930295933e-19	2.34341455005508e-16
ENSMUSG00000018339	Gpx3	191.983850378319	168.233003275692	178.113770580637	493.123832333369	403.546249962187	349.907817218223	297.484753958071	1.20719499346404	0.135023953996284	8.94059874366635	3.87067416296737e-19	2.49882575173462e-16
ENSMUSG00000025161	Slc16a3	385.745329000881	619.567780880909	403.403620936685	1859.43767021314	1999.28962010836	1773.77092938877	1173.53582508813	1.99920521033636	0.223783575452502	8.93365478808651	4.12162022837504e-19	2.52778968606241e-16
ENSMUSG00000026773	Pfkfb3	36.4413790069957	47.9373611484499	36.585531254401	159.964560244727	181.1618917841	126.974858879743	98.1775970530694	1.94826428704301	0.218485317181764	8.9171405757312	4.78482154249712e-19	2.79479147810808e-16
ENSMUSG00000028943	Espn	46.218334350336	48.8418396606848	42.3621940840433	176.80293500733	258.182815836023	130.851953807369	117.210012124298	2.03841332035608	0.231675627710889	8.79856608352363	1.38575390814275e-18	7.72620792603592e-16
ENSMUSG00000004936	Map2k1	361.747347703591	422.3914652137	405.329175213233	657.899356795983	751.767610816655	716.293287878855	552.571373937003	0.839301018556235	0.0956949571602661	8.77058774529369	1.77736064580154e-18	9.47874160060941e-16
ENSMUSG00000029844	Hoxa1	419.520265641511	442.289992482868	357.190318299547	900.853049799253	797.329284199482	676.553064870691	598.955995882225	0.958655735205763	0.109848772812431	8.727050022149	2.61401482452333e-18	1.33597940990013e-15
ENSMUSG00000064363	mt-Nd4	9638.3003402893	8102.31851260027	8085.40240722263	6053.39572715573	5107.24662586553	5244.74016334572	7038.56729607986	-0.655097508831501	0.0754578796449773	-8.68163155277721	3.9013147171024e-18	1.91414105279912e-15
ENSMUSG00000020572	Nampt	539.51017212796	618.663302368674	545.894637401194	934.529799324459	1027.30725460804	908.209486796329	762.352442104443	0.751550587427285	0.0866799136813503	8.67041227325295	4.30558569686623e-18	2.03124285222158e-15
ENSMUSG00000078566	Bnip3	405.299239687562	653.937964345835	384.148078171211	2185.38049597496	2183.70591713409	1967.62567577006	1296.68289518062	2.13401409879642	0.249941024231036	8.53807055229082	1.36481584038357e-17	6.20030781412773e-15
ENSMUSG00000035637	Grhpr	372.413117169053	440.481035458398	352.376432608178	713.225445301678	737.665188102922	652.32122157303	544.747073368877	0.850159407196107	0.100731192432008	8.43988229137619	3.17657394823704e-17	1.39156628746698e-14
ENSMUSG00000032294	Pkm	5633.30390600826	6280.69878895917	4949.63726786515	9026.5716138096	8986.49767388913	8021.70940525765	7149.73644263149	0.626191901474098	0.074973563766018	8.35216935169783	6.70204742613026e-17	2.83473495616944e-14
ENSMUSG00000003955	Fam162a	757.269632047813	906.287469259374	732.673402226294	1348.2727220627	1308.27090713548	1224.19272339783	1046.16114268825	0.694300937086464	0.0852549888734628	8.14381593688271	3.83011320923822e-16	1.5660056208172e-13
ENSMUSG00000020108	Ddit4	833.707646550291	1151.40114607503	1123.56092036542	2381.42728785383	2846.51978467951	2458.07818411472	1799.11582827313	1.30617143331155	0.161463892595525	8.08955743798138	5.98819107455119e-16	2.36939199098209e-13
ENSMUSG00000003528	Slc25a1	624.836327851658	659.364835419245	590.182385761785	1015.11344997406	1078.29293672692	914.025129187768	813.635844153572	0.680540098196076	0.0854906794031726	7.96040109807362	1.71482477577215e-15	6.5731377186316e-13
ENSMUSG00000045667	Smtnl2	196.427920988928	213.456928887437	182.927656272005	414.945663792713	403.546249962187	347.96926975441	293.212281609613	0.973096470382056	0.122549361276526	7.94044506022613	2.0145707171247e-15	7.48809830795503e-13
ENSMUSG00000037936	Scarb1	133.322118318277	102.206071882544	121.309919422488	305.496227835795	284.218057769067	235.533516853264	197.014318680239	1.20589834607066	0.152871908402585	7.88829261485342	3.06348785904943e-15	1.10519829644413e-12
ENSMUSG00000004665	Cnn2	427.519592740608	312.949565233277	315.790901353777	727.658337955338	747.428403827814	588.349155267206	519.949326063003	0.963333461959236	0.122240449383201	7.88064398339506	3.25698073368781e-15	1.14143216226899e-12
ENSMUSG00000017390	Aldoc	146.654330150105	156.474782616638	86.649942444634	549.652661893536	572.775322526975	471.067033706527	330.545678889736	2.02956696019415	0.258525246889392	7.85055612406972	4.14196463465023e-15	1.41125939468388e-12
ENSMUSG00000030695	Aldoa	10152.0349028757	12442.0064143033	9229.1816474918	25827.6614037238	25375.6824707405	21517.8768483228	17424.0739479097	1.1922537616181	0.15311913667159	7.78644516638863	6.89208110751659e-15	2.28481802337293e-12
ENSMUSG00000023456	Tpi1	2392.68761675201	3001.96418210765	2314.51624041	5043.09324139956	5307.93494909941	4781.42731949444	3806.93725821051	0.97287753003797	0.128679344525156	7.56047937318936	4.01586567545963e-14	1.26304124038943e-11
ENSMUSG00000019916	P4ha1	135.099746562521	170.946438812397	179.07654771891	381.268914267508	314.592506690952	310.167594210059	248.525291377058	1.05120590685253	0.139525504376964	7.53414876761477	4.91530635873014e-14	1.5072786949046e-11
ENSMUSG00000019539	Rcn3	133.322118318277	151.047911543229	147.304902155878	331.956531034171	312.422903196532	255.888265223299	221.990438578564	1.0572737781814	0.141231701161992	7.48609391151289	7.09536342508672e-14	2.12272506761253e-11
ENSMUSG00000000805	Car4	19.5539106866806	29.8477909037518	21.1810970420217	105.841212793504	104.140967732177	79.4804460163276	60.0075708624104	2.03102692005073	0.272295458896728	7.45890852634832	8.72421463608286e-14	2.54788611252839e-11
ENSMUSG00000040258	Nxph4	7.99932709909661	8.14030661011413	3.85110855309485	66.1507579959398	52.0704838660886	55.2486027186668	32.2434311405001	3.10399400888229	0.417096240300377	7.44191318206778	9.92374375912047e-14	2.83080560347376e-11
ENSMUSG00000022707	Gbe1	87.9925980900627	112.155335517128	89.5382738594552	216.493389804894	272.285238549755	199.670388772725	163.022537432337	1.24722383406954	0.168743098702303	7.39125833092529	1.45445724291311e-13	4.0546301230846e-11
ENSMUSG00000032374	Plod2	109.324137020987	126.626991712887	145.37934787933	250.1701393301	283.133256021857	265.581002542363	196.702479084587	1.07016624369669	0.14579987312864	7.33996690622962	2.13646674855007e-13	5.82353358615893e-11
ENSMUSG00000062327	T	575.951551134956	570.725941220224	525.676317497446	371.646985831735	313.507704943742	317.92178406531	445.905047448902	-0.741116131565142	0.102658435367559	-7.21924242183942	5.22779882286467e-13	1.39400392089691e-10
ENSMUSG00000025791	Pgm1	125.32279121918	175.468831373571	79.9105024767181	653.088392578097	709.460342675458	553.455300918574	382.784360206933	2.33015451003306	0.324673219226359	7.17692243168506	7.12981114572782e-13	1.86072901092548e-10
ENSMUSG00000024924	Vldlr	30.2196801521428	73.2627594910272	46.2133026371382	150.342631808954	181.1618917841	146.360333517872	104.593433231872	1.67472808730625	0.233649903726368	7.16768147812957	7.62785181602898e-13	1.94923396615441e-10
ENSMUSG00000018906	P4ha2	50.6624049609452	62.4090173442084	50.064411190233	168.383747626029	170.313874311998	118.251395292585	103.347475121	1.48046726025019	0.20829290447848	7.10762214371612	1.18059242801383e-12	2.95533606571789e-10
ENSMUSG00000022051	Bnip3l	775.934728612371	808.603789938004	650.837345473029	1218.37668817976	1269.21804423591	1048.75417792276	961.954129060307	0.659806846599778	0.0930419883234517	7.09149555473838	1.32670341474449e-12	3.19085178142274e-10
ENSMUSG00000020303	Stc2	46.218334350336	72.3582809787923	51.0271883285067	138.315221264238	180.07709003689	148.298880981684	106.049165990075	1.4605049420621	0.206172708730156	7.08389073926194	1.40162432239688e-12	3.3062161420231e-10
ENSMUSG00000005125	Ndrg1	25.7756095415335	14.4716561957585	21.1810970420217	105.841212793504	99.8017607433365	63.0027925739182	55.012354815012	2.12193883825458	0.301445115994445	7.03922115723939	1.93317329779862e-12	4.47401956052791e-10
ENSMUSG00000039323	Igfbp2	185.762151523466	152.856868567699	107.831039486656	554.463626111423	566.266512043714	423.572620843112	331.792136429345	1.78844703945831	0.254548481373474	7.02595839428444	2.12601810199144e-12	4.82921074796796e-10
ENSMUSG00000002985	Apoe	184.873337401344	180.895702446981	118.421588007667	714.42818635615	700.781928697776	453.620106532211	392.170141573688	1.9469885521183	0.288787185835155	6.74194925404231	1.5627566912704e-11	3.42299528127192e-09
ENSMUSG00000064356	mt-Atp8	800.821524031783	834.833666792816	757.705607821411	573.707482982969	483.82157925574	523.407815229475	662.382946019032	-0.600208574743179	0.0891317723726727	-6.73394636688723	1.65122064575616e-11	3.55331095453423e-09
ENSMUSG00000033088	Triobp	198.205549233172	189.94048756933	187.741541963374	353.60587001466	353.645369590519	309.198320478153	265.389523141534	0.817116189963658	0.122700015146865	6.65946282879931	2.74830198831843e-11	5.81218486012308e-09
ENSMUSG00000056671	Prelid2	42.6630778618486	38.8925760261009	41.3994169457696	125.08506966505	114.988985204279	101.773741850176	77.4671445922039	1.47172053425866	0.221983584981337	6.62986199804996	3.36000852012819e-11	6.98540076404955e-09
ENSMUSG00000038550	Ciart	31.1084942742646	65.1224528809131	53.9155197433278	119.071364392692	161.635460334317	145.391059785965	96.0407252352465	1.50933298452336	0.230255462777471	6.55503659421122	5.56282336116334e-11	1.11858346472179e-08
ENSMUSG00000037499	Nenf	261.311351903823	311.140608208807	264.763713025271	519.584135531745	468.634354794798	423.572620843112	374.834464051259	0.750806437567147	0.114691166834119	6.54633184308833	5.89674758931216e-11	1.16660493436295e-08
ENSMUSG00000004032	Gstm5	261.311351903823	334.657049526914	290.758695758661	488.312868115483	544.57047709951	451.681559068398	395.215333578798	0.742681801666912	0.115158960063466	6.44918815919842	1.12450882951479e-10	2.1894008417188e-08
ENSMUSG00000022037	Clu	191.983850378319	198.985272691679	97.2404909656449	1090.88613640577	835.297345351838	647.474852913498	510.311324784458	2.39717649843508	0.378203309401402	6.33832766357647	2.32272450365037e-10	4.45164668152742e-08
ENSMUSG00000015312	Gadd45b	23.109167175168	20.8030057814028	10.5905485210108	79.3809095951278	99.8017607433365	53.3100552548539	47.8325745118166	2.08090847018804	0.328728566777082	6.33017230777862	2.44887573261766e-10	4.62121688250588e-08
ENSMUSG00000003824	Syce2	154.653657249201	132.958341298531	125.161027975582	289.860594127663	284.218057769067	222.93295833848	201.630772793087	0.944207696327481	0.149771135652234	6.30433689519399	2.89430330507124e-10	5.37901883939452e-08
ENSMUSG00000049422	Chchd10	111.990579387353	166.424046251222	96.2777138273712	277.833183582947	283.133256021857	232.625695657544	194.714079121382	1.07889004318785	0.171788955223756	6.2803225142303	3.37871397176991e-10	6.18556799667608e-08
ENSMUSG00000079277	Hoxd3	206.204876332268	267.725639621532	254.17316450426	446.216931208976	377.511008029143	411.941336060235	327.295492626069	0.762876546626428	0.121995218132607	6.25333155105469	4.01787895889523e-10	7.24754460438366e-08
ENSMUSG00000021665	Hexb	103.991252288256	95.8747222968998	106.868262348382	216.493389804894	205.027530222724	185.131282794129	152.231073292547	0.981744664836082	0.157504576261846	6.23311835209133	4.57240452835919e-10	8.12827738331215e-08
ENSMUSG00000061232	H2-K1	141.321445417373	140.19416939641	104.942708071835	217.696130859366	311.338101449322	246.195527904234	193.614680516423	1.00341366044003	0.162747014883906	6.16548119887671	7.02691192708848e-10	1.2313157385381e-07
ENSMUSG00000039114	Nrn1	0.888814122121846	2.71343553670471	2.88833141482113	32.4740084707341	42.307268141197	31.0167594210059	18.7147695177641	4.03882391066851	0.656358945616295	6.1533768034139	7.58503020516158e-10	1.30406982777723e-07
ENSMUSG00000062070	Pgk1	516.401004952792	680.167841200648	458.281917818287	1304.97404410172	1299.5924931578	1097.21786451808	892.772527624888	1.16092161918325	0.188708631850708	6.15192642645873	7.65473892059032e-10	1.30406982777723e-07
ENSMUSG00000017493	Igfbp4	269.310679002919	232.45097764437	199.294867622658	502.745760769143	415.479069181499	349.907817218223	328.198195239802	0.849924220749849	0.138917252215099	6.11820495436971	9.46353026356046e-10	1.5901323590799e-07
ENSMUSG00000036427	Gpi1	908.368032808526	1153.2101030995	827.025561777118	2126.44618430585	2048.10569873282	1732.0921589168	1465.87462327344	1.03151461622282	0.169728470693633	6.07744011365509	1.22116263172255e-09	2.02415957306875e-07
ENSMUSG00000028773	Fabp3	2.66644236636554	6.33134958564433	1.92555427654742	44.5014190154504	53.1552856132988	21.3240221019416	21.6506788265413	3.42988299740246	0.570023269562281	6.01709295137416	1.77577125388145e-09	2.8420611389929e-07
ENSMUSG00000005374	Tbl2	93.3254828227938	92.2568082479602	105.905485210108	171.991970789443	216.960349442036	188.039103989848	144.746533417032	0.987777854345998	0.164819469287282	5.99308964297348	2.05891280243833e-09	3.23777236342418e-07
ENSMUSG00000030790	Adm	0.888814122121846	0	0	46.9069011243937	69.4273118214515	32.9553068848188	25.0297223254643	7.23783977902573	1.22887445744441	5.8898122059414	3.86634723773339e-09	5.92807690225471e-07
ENSMUSG00000035232	Pdk3	390.18939961149	466.71091231321	368.743643958832	648.27742836021	625.930608140274	587.379881535299	514.538645653219	0.601026491197618	0.102155157535379	5.88346693106971	4.0176039773938e-09	6.0839420230509e-07
ENSMUSG00000046718	Bst2	28.4420519078991	37.0836190016311	25.0322055951165	107.043953847975	108.480174721018	63.9720663058247	61.6756785632441	1.61749285773799	0.275437619881972	5.87244712044457	4.29408701098222e-09	6.42332576545218e-07
ENSMUSG00000003865	Gys1	146.654330150105	162.806132202283	125.161027975582	235.73724667644	275.539643791386	265.581002542363	201.91323055636	0.838008260627643	0.143617244191346	5.83501142461096	5.37868815219765e-09	7.94879384034414e-07
ENSMUSG00000004415	Col26a1	438.18536220607	314.758522257747	331.195335566157	655.49387468704	561.927305054873	546.670384795229	474.705130761186	0.699600082029904	0.120019047975333	5.82907541620966	5.57353125712784e-09	8.13868266665835e-07
ENSMUSG00000017723	Wfdc2	13.3322118318277	17.1850917324632	12.5161027975583	61.3397937780533	61.8336995909803	47.4944128634153	35.616885432383	1.98175619250534	0.340701501366677	5.81669345323045	6.00230695087153e-09	8.66168200698708e-07
ENSMUSG00000028645	Slc2a1	3004.19173277184	3241.6509878499	2970.1674715744	5433.98408410284	7082.67060753526	5013.08374142008	4457.62477087572	0.927540639399147	0.16043266883127	5.7814947925267	7.40397734888527e-09	1.05601379257473e-06
ENSMUSG00000004319	Clcn3	106.657694654621	114.868771053833	106.868262348382	191.23582766099	236.486780891819	189.977651453661	157.682498010551	0.911103424999452	0.158427127114955	5.75093067450725	8.87535059799345e-09	1.25132241879296e-06
ENSMUSG00000021614	Vcan	394.6334702221	383.498889187599	429.398603670075	273.022219365061	242.99559137508	257.826812687112	330.229264417838	-0.642564961067833	0.112174784776514	-5.72824777286639	1.01473284700433e-08	1.41156933142758e-06
ENSMUSG00000044224	Dnajc21	265.755422514432	309.331651184337	271.503152993187	448.622413317919	419.81827617034	431.326810698363	357.726287813096	0.617649270405586	0.108446923357021	5.69540611467795	1.23078599076396e-08	1.67742455141231e-06
ENSMUSG00000041957	Pkp2	73.7715721361132	101.301593370309	94.3521595508237	164.775524462614	240.82598788066	162.837986960281	139.644137393467	1.07803777311692	0.189423910585635	5.69113883133331	1.26194847382998e-08	1.70099560219764e-06
ENSMUSG00000037625	Cldn11	25.7756095415335	43.4149685872754	27.9205370099376	102.232989630089	85.6993380296042	83.3575409439534	61.4001639570655	1.47772659607434	0.259745184701872	5.68913952253024	1.27681116631877e-08	1.70232236587674e-06
ENSMUSG00000043004	Gng2	142.210259539495	128.435948737356	125.161027975582	229.723541404082	274.454842044176	210.332399823696	185.053003254065	0.84996195703776	0.150464089798652	5.6489356242753	1.61444294234585e-08	2.10667629051215e-06
ENSMUSG00000044254	Pcsk9	34.663750762752	39.7970545383358	35.6227541161273	89.0028380309008	124.752200929171	78.5111722844212	67.0582951102846	1.40678533505667	0.251108865479841	5.60229258480566	2.11535091123235e-08	2.70280148720583e-06
ENSMUSG00000029648	Flt1	6.22169885485292	1.80895702446981	1.92555427654742	48.1096421788653	36.8832594051461	18.4162009062223	18.8942187743506	3.35226009925774	0.60183404412873	5.57007389655195	2.5463131561223e-08	3.21990486319547e-06
ENSMUSG00000021069	Pygl	2.66644236636554	1.80895702446981	7.70221710618969	31.2712674162625	39.0528628995665	29.078211957193	18.5966597950078	3.04971222770549	0.550730163912519	5.53757979414021	3.06679982976086e-08	3.8385068073313e-06
ENSMUSG00000038387	Rras	112.879393509474	133.862819810766	108.793816624929	204.465979260178	247.334798363921	197.731841308913	167.511441479697	0.868031351607306	0.157355807976593	5.51636042399164	3.46092116154088e-08	4.28804636034954e-06
ENSMUSG00000038523	1700003F12Rik	11.554583587584	15.3761347079934	13.478879935832	54.1233474512235	70.5121135686617	37.8016755443509	33.8077891326076	2.00335159836191	0.364855170880595	5.49081322741494	4.00087267918007e-08	4.90747042828227e-06
ENSMUSG00000063229	Ldha	13257.5514455695	17032.2348638955	11634.1989388995	27664.246993902	28940.3410120732	25110.0052987681	20606.4297588513	0.962795507007261	0.175406812625816	5.48892880837606	4.0437855318586e-08	4.91099735977996e-06
ENSMUSG00000068614	Actc1	48.8847767167015	39.7970545383358	37.5483083926747	137.112480209766	106.310571226598	79.4804460163276	74.8556061834006	1.34553758157802	0.245496787887702	5.48087652451693	4.23223786396566e-08	5.08947349405909e-06
ENSMUSG00000018822	Sfrp5	5.33288473273107	1.80895702446981	3.85110855309485	56.5288295601667	35.7984576579359	15.5083797105029	19.8047695398169	3.28047408139284	0.599151518239993	5.47519948047404	4.37019028491145e-08	5.20434505191494e-06
ENSMUSG00000038587	Akap12	50.6624049609452	62.4090173442084	47.1760797754119	125.08506966505	146.448235873374	96.9273731906434	88.1180301349388	1.19636988108537	0.21995756005763	5.43909416331002	5.35521474820988e-08	6.25591086681357e-06
ENSMUSG00000024201	Kdm4b	172.429939691638	189.036009057095	195.443759069563	294.67155834555	318.931713679793	282.058655984772	242.095272638069	0.685637909833596	0.12716466729991	5.39173281691967	6.97814721231285e-08	8.07490129304052e-06
ENSMUSG00000010362	Rdm1	136.877374806764	141.098647908645	119.38436514594	218.898871913837	264.691626319284	212.270947287509	182.203638896997	0.806546655058133	0.150136544788505	5.37208749671375	7.78303246554871e-08	8.83950705763153e-06
ENSMUSG00000019055	Plod1	301.307987399306	238.782327230015	300.386467141398	184.01938133416	131.261011412432	168.65362935172	220.735133978172	-0.797792729801877	0.149494010088634	-5.33662003801268	9.46951891309286e-08	1.03708141953569e-05
ENSMUSG00000055447	Cd47	88.8814122121846	90.4478512234904	83.7616110298129	155.153596026841	185.501098772941	156.053070836936	126.633106683701	0.916216148504815	0.171637473750336	5.33808922075808	9.39312363156055e-08	1.03708141953569e-05
ENSMUSG00000034463	Scara3	20.4427248088025	23.5164413181075	11.5533256592845	75.7726864317129	64.0033030854006	48.4636865953217	40.6253613164383	1.748943439049	0.328427135340132	5.3252099198129	1.00836518341482e-07	1.09456702121825e-05
ENSMUSG00000032291	Crabp1	1059.46643356924	1193.00715763784	897.308292871099	1983.31999882372	2089.32816512681	1607.05584750087	1471.58098258826	0.850033165438938	0.160304997690948	5.3025992806395	1.14165341367636e-07	1.22837901510125e-05
ENSMUSG00000035621	Midn	601.72716067649	618.663302368674	786.588921969622	378.863432158564	497.924001969473	433.265358162176	552.8386962175	-0.612955797705166	0.11633929809012	-5.26869087030549	1.37400125588347e-07	1.45288787971265e-05
ENSMUSG00000022098	Bmp1	216.87064579773	200.794229716149	227.215404632596	121.476846501635	114.988985204279	137.636869930714	169.83049696385	-0.78190451605453	0.150906046964635	-5.18139949844271	2.20227239857911e-07	2.27000615470348e-05
ENSMUSG00000045394	Epcam	137.766188928886	118.486685102772	101.09159951874	259.792067765873	209.366737211565	185.131282794129	168.605760220327	0.865805216197403	0.167089028813656	5.18169997362893	2.19872687636686e-07	2.27000615470348e-05
ENSMUSG00000017314	Mpp2	24.8867954194117	16.2806132202283	28.8833141482113	55.3260885056951	79.1905275463431	69.7877086972633	45.7258412561921	1.55085897494587	0.29991424342544	5.17100807628505	2.32834503158278e-07	2.37995667978287e-05
ENSMUSG00000022483	Col2a1	372.413117169053	378.07201811419	390.887518139127	192.438568715461	274.454842044176	257.826812687112	311.015479478186	-0.650096781607832	0.126005103165215	-5.15928930874679	2.47889007637088e-07	2.50683120763489e-05
ENSMUSG00000059824	Dbp	173.31875381376	151.047911543229	155.969896400341	294.67155834555	248.419600111131	246.195527904234	211.603874686374	0.712907353488635	0.138208533069797	5.15820071057849	2.49334263273648e-07	2.50683120763489e-05
ENSMUSG00000036242	Armh4	28.4420519078991	28.9433123915169	31.7716455630325	63.7452758869965	96.547355501706	72.6955298929826	53.6908618573556	1.38884032980739	0.271019805329859	5.12449755514003	2.98332220452208e-07	2.95108307747322e-05
ENSMUSG00000050737	Ptges	87.9925980900627	95.8747222968998	61.6177368495175	169.5864886805	161.635460334317	146.360333517872	120.511223294861	0.954550240669609	0.186584356363511	5.11591785760386	3.1221892296898e-07	3.06374184731e-05
ENSMUSG00000027506	Tpd52	216.87064579773	246.922633840129	203.145976175753	329.551048925227	435.005500631282	316.952510333404	291.408052617254	0.696244194608926	0.136209717534388	5.11156037331294	3.19508679339849e-07	3.11039163554174e-05
ENSMUSG00000059895	Ptp4a3	364.413790069957	348.224227210438	278.242592961103	600.167786181345	504.432812452734	440.050274285521	422.58858052685	0.636023259070552	0.124776874983348	5.09728472648024	3.44559891864586e-07	3.32785168000867e-05
ENSMUSG00000062797	Hikeshi	215.981831675609	244.209198303424	227.215404632596	360.82231634149	356.899774832149	323.737426456749	288.144325373669	0.597640841766163	0.117912517951712	5.06851055467164	4.00940753643617e-07	3.72571157893379e-05
ENSMUSG00000038859	Baiap2l1	127.100419463424	110.346378492658	114.570479454572	220.101612968309	199.603521486673	186.100556526035	159.637161398612	0.77966374685443	0.154146828562267	5.0579292102626	4.23833699797647e-07	3.87965982217757e-05
ENSMUSG00000042448	Hoxd1	117.323464120084	137.480733859705	124.198250837309	216.493389804894	247.334798363921	189.008377721755	171.973169117945	0.782477378395308	0.154871835165901	5.05241884398868	4.36249739290035e-07	3.96373281639376e-05
ENSMUSG00000054850	Smim10l2a	128.878047707668	160.092696665578	129.012136528677	73.3672043227696	61.8336995909803	76.5726248206083	104.959401606047	-0.980113915523	0.19407800444761	-5.05010301560254	4.41571869564753e-07	3.98258864123622e-05
ENSMUSG00000025232	Hexa	178.651638546491	220.692756985317	155.969896400341	339.172977361	344.966955612837	255.888265223299	249.223748354881	0.754966164577824	0.149591492501698	5.04685227717246	4.491483509435e-07	4.02135304574669e-05
ENSMUSG00000030256	Bhlhe41	4.44407061060923	3.61791404893962	2.88833141482113	28.8657853073192	35.7984576579359	19.3854746381287	15.8333389462923	2.92945850248532	0.581108934331856	5.0411520618824	4.62737577271836e-07	4.11299936435967e-05
ENSMUSG00000024524	Gnal	144.876701905861	148.334476006524	158.858227815162	84.1918738130143	74.8513205575024	84.3268146758598	115.906569128987	-0.892637422399597	0.177861168470147	-5.01873135141031	5.20138273870483e-07	4.58993961675924e-05
ENSMUSG00000011148	Adssl1	7.11051297697477	12.6626991712887	6.73943996791598	43.2986779609788	57.4944926021395	24.2318432976609	25.2562776628264	2.22836974132298	0.446476271943496	4.99101493484294	6.00628528863457e-07	5.2623639535994e-05
ENSMUSG00000050914	Ankrd37	18.6650965645588	22.6119628058726	8.6649942444634	52.9206063967518	58.5792943493497	51.371507791041	35.4689103586729	1.6967488054323	0.344085352359692	4.93118580548758	8.17319454529371e-07	7.01065764283725e-05
ENSMUSG00000003153	Slc2a3	667.499405713506	897.242684137025	671.055665376777	1626.10590564565	2308.45811806326	1433.55584948962	1267.31960473764	1.26350298765185	0.258336050268948	4.89092786831896	1.00361741232504e-06	8.43176108190343e-05
ENSMUSG00000040466	Blvrb	90.6590404564283	99.4926363458394	78.9477253384443	194.844050824405	149.702641115005	150.237428445497	127.313920420936	0.872832083994418	0.179007173147501	4.87596149722565	1.08279729080767e-06	8.9740483574641e-05
ENSMUSG00000032373	Car12	1.77762824424369	4.52239256117452	2.88833141482113	20.4465979260178	26.0352419330443	27.1396644933802	13.8016427621136	3.00775137306868	0.620958946081085	4.84372017192249	1.27430367851754e-06	0.000104903415575142
ENSMUSG00000016256	Ctsz	116.434649997962	160.997175177813	129.974913666951	271.819478310589	216.960349442036	208.393852359883	184.096736492539	0.771205576533616	0.159558126204687	4.83338326212409	1.34232006058456e-06	0.000109765985754201
ENSMUSG00000044548	Dact1	149.32077251647	148.334476006524	152.118787847246	254.981103547986	234.317177397399	224.871505802293	193.99063718632	0.664967911996262	0.138055089833621	4.81668522904631	1.45962668619815e-06	0.000118568085648387
ENSMUSG00000042988	Notum	142.210259539495	185.418095008155	152.118787847246	72.164463268298	96.547355501706	90.1424570672984	123.100236372033	-0.885538074662439	0.183941731608624	-4.81423147927417	1.47767446402657e-06	0.000119244440629933
ENSMUSG00000006494	Pdk1	158.208913737689	240.591284254484	134.78879935832	425.770333282958	501.178407211103	382.863124103042	307.233476991266	1.29470642245153	0.271767380895425	4.76402435857351	1.89769581379957e-06	0.000150175076464939
ENSMUSG00000020098	Pcbd1	102.213624044012	82.3075446133763	66.4316225408861	206.871461369121	149.702641115005	133.759775003088	123.547778114248	0.957866281460993	0.201597926717705	4.7513697043238	2.02043333670964e-06	0.000158863046846669
ENSMUSG00000033837	Foxh1	103.102438166134	94.9702437846649	63.543291126065	203.263238205706	167.059469070368	135.698322466901	127.939500469973	0.943355856360494	0.198928793267234	4.74217854975485	2.11432149314392e-06	0.000164227182656492
ENSMUSG00000042436	Mfap4	176.874010302247	202.603186740618	272.46593013146	131.098774937408	101.971364237757	131.821227539275	169.472415648128	-0.835130885412048	0.176206780769817	-4.73949346196274	2.14253148014135e-06	0.000165284849908263
ENSMUSG00000013584	Aldh1a2	816.820178229976	762.475385814024	548.782968816016	1592.42915612044	1210.63874988656	1328.87428644372	1043.33678755179	0.956645636340653	0.202176534510149	4.73173426707752	2.22609710024855e-06	0.000170658168947805
ENSMUSG00000004558	Ndrg2	4.44407061060923	6.33134958564433	4.81388569136856	18.0411158170745	31.4592506690952	37.8016755443509	17.1485579863571	2.49462582422308	0.52904601116896	4.71532867001692	2.41320884070373e-06	0.000182197456746227
ENSMUSG00000031169	Porcn	111.990579387353	104.015028907014	79.9105024767181	188.830345552046	183.33149527852	153.145249641217	136.870533540478	0.822026248073192	0.174355462179528	4.7146572742687	2.42117931270463e-06	0.000182197456746227
ENSMUSG00000064341	mt-Nd1	56523.2452822167	49900.0795199996	46152.6476774269	37515.8989710792	30420.0105952679	30031.0080356571	41757.1483469412	-0.639194974212185	0.137589622058598	-4.64566269351304	3.3898649585555e-06	0.000246035997524507
ENSMUSG00000037235	Mxd4	261.311351903823	248.731590864599	266.689267301818	192.438568715461	145.363434126164	159.930165764562	212.410729779404	-0.64601932899084	0.139164227512081	-4.64213642068871	3.44825058683174e-06	0.000248801421753401
ENSMUSG00000027500	Stmn2	49.7735908388234	28.9433123915169	41.3994169457696	90.2055790853725	94.3777520072857	81.4189934801405	64.3531074581514	1.14489023130762	0.247401277457125	4.62766499459984	3.69811582615869e-06	0.000260695912204957
ENSMUSG00000029994	Anxa4	22.2203530530461	16.2806132202283	22.1438741802954	69.7589811593547	49.9008803716683	49.4329603272282	38.2896103853035	1.4744923781549	0.319345207207615	4.61723659812528	3.88883810371312e-06	0.000272574218172258
ENSMUSG00000067279	Ppp1r3c	5.33288473273107	9.94926363458394	4.81388569136856	26.4603031983759	34.7136559107258	31.0167594210059	18.7144587647985	2.19579460385013	0.479682223600823	4.57760262068291	4.70335074535994e-06	0.000324108428329129
ENSMUSG00000043421	Hilpda	103.991252288256	101.301593370309	92.4266052742763	167.181006571557	189.840305761781	149.268154713591	134.001486329962	0.763063223740003	0.168756723629965	4.52167598023047	6.13519234537053e-06	0.000404592845743628
ENSMUSG00000070473	Cldn3	9.7769553433403	15.3761347079934	9.62777138273712	42.0959369065071	47.7312768772479	31.0167594210059	25.9374724398053	1.79018952143461	0.39705431650735	4.50867663946292	6.52332446398519e-06	0.000425612222740651
ENSMUSG00000032238	Rora	16.8874683203151	9.94926363458394	14.4416570741057	46.9069011243937	48.8160786244581	35.8631280805381	28.8107494763991	1.66810785045419	0.370216382541598	4.5057645450543	6.61343885250806e-06	0.000429208682353777
ENSMUSG00000009876	Cox4i2	6.22169885485292	7.23582809787923	0.962777138273712	16.8383747626029	46.6464751300377	24.2318432976609	17.0228328802179	2.59188148808015	0.576845647295677	4.49319761747567	7.01616202498144e-06	0.000450577190567656
ENSMUSG00000031557	Plekha2	87.9925980900627	132.958341298531	92.4266052742763	171.991970789443	229.977970408558	160.899439496468	146.041154226223	0.843411638240663	0.188057512847289	4.48486011258455	7.29617854380272e-06	0.00046611940634523
ENSMUSG00000004864	Mapk13	20.4427248088025	24.4209198303424	13.478879935832	61.3397937780533	62.9185013381904	40.7094967400702	37.2183860718818	1.48887657334646	0.333223029875473	4.46810826341402	7.89143665743987e-06	0.000501535554612215
ENSMUSG00000009900	Wnt3a	178.651638546491	165.519567738987	172.337107750994	131.098774937408	80.2753292935533	82.3882672120469	135.04511424658	-0.824557745786918	0.184759481785312	-4.46287106793817	8.0868716909341e-06	0.000511307052376277
ENSMUSG00000041120	Nbl1	98.6583675555249	86.8299371745508	70.2827310939809	155.153596026841	171.398676059208	128.913406343556	118.53945237561	0.827096711573099	0.187314310996439	4.4155553687984	1.007509863877e-05	0.000633749537964887
ENSMUSG00000050373	Snx21	68.4386874033821	63.3134958564433	52.9527426050541	127.490551773993	126.921804423591	96.9273731906434	89.3407758755178	0.920975968350633	0.208689047630864	4.4131495102689	1.01877588997886e-05	0.000637566585024525
ENSMUSG00000034891	Sncb	0.888814122121846	0	0	15.6356337081312	21.6960349442036	13.5698322466901	8.63171917019113	5.6870180989748	1.29499722818183	4.3915291671777	1.12556232705408e-05	0.000686873010131609
ENSMUSG00000021550	2210016F16Rik	39.9966354954831	47.032882636215	30.8088684247588	76.9754274861845	88.9537432712347	83.3575409439534	61.1875163763049	1.07914975975102	0.246823124851484	4.37215824246756	1.23024302443048e-05	0.000739713771454129
ENSMUSG00000027555	Car13	18.6650965645588	25.3253983425773	22.1438741802954	82.9891327585427	54.240087360509	41.6787704719767	40.8403932797433	1.4263740246545	0.327129540888722	4.36027275549445	1.29900422327772e-05	0.000777248087937779
ENSMUSG00000027030	Stk39	174.207567935882	243.304719791189	196.406536207837	271.819478310589	328.694929404685	333.430163775813	257.977232570999	0.607905553850667	0.13973407182935	4.35044614310725	1.35860822395019e-05	0.000805057414249905
ENSMUSG00000034648	Lrrn1	223.981158774705	161.901653690048	181.964879133731	138.315221264238	85.6993380296042	103.712289313988	149.262423367719	-0.799565572384004	0.183884787284467	-4.34818771140152	1.37267097721865e-05	0.000809479913777112
ENSMUSG00000020415	Pttg1	81.7708992352098	72.3582809787923	69.3199539557072	144.328926536596	172.483477806419	101.773741850176	107.005880060483	0.900148825970514	0.20735369782064	4.34112743313187	1.41753476655183e-05	0.000831936911316974
ENSMUSG00000034205	Loxl2	69.327501525504	72.3582809787923	97.2404909656449	125.08506966505	159.465856839896	139.575417394527	110.508769561569	0.832671066539085	0.191976731137003	4.33735412415609	1.44208181818534e-05	0.000842313122945778
ENSMUSG00000022280	Rnf19a	47.1071484724578	54.2687107340942	55.8410740198753	121.476846501635	101.971364237757	84.3268146758598	77.4986597736132	0.964233992638089	0.223190778319199	4.32022326325275	1.55871418123243e-05	0.00089342000686902
ENSMUSG00000019312	Grb7	22.2203530530461	28.038833879282	21.1810970420217	62.5425348325249	59.6640960965599	52.3407815229475	40.997949404397	1.28422743203224	0.298060594503707	4.30861192560719	1.64282334083056e-05	0.000932910699010538
ENSMUSG00000043342	Hoxd9	191.095036256197	374.45410406525	256.098718780807	74.5699453772412	112.819381709859	109.527931705427	186.42751964913	-1.46615876220836	0.340986554049186	-4.29975535632667	1.7098675646754e-05	0.000962075025151763
ENSMUSG00000067818	Myl9	16.8874683203151	27.1343553670471	11.5533256592845	49.3123832333369	68.3425100742413	41.6787704719767	35.8181355210336	1.51239364698288	0.35168767281314	4.3003885660401	1.70498890093833e-05	0.000962075025151763
ENSMUSG00000001510	Dlx3	3.55525648848738	4.52239256117452	3.85110855309485	16.8383747626029	29.2896471746749	22.293295833848	13.3916792289804	2.5235950113094	0.588171066594888	4.29057999387713	1.78207077690837e-05	0.000989089599527517
ENSMUSG00000019194	Scn1b	6.22169885485292	3.61791404893962	0	33.6767495252057	21.6960349442036	14.5391059785965	13.2919172252997	2.79430252680315	0.65337607260708	4.27671389258779	1.89672314185901e-05	0.00104328278287187
ENSMUSG00000002980	Bcam	39.1078213733612	28.038833879282	23.1066513185691	74.5699453772412	97.6321572489162	48.4636865953217	51.8198492987819	1.28113936326941	0.302427791918431	4.23618264426886	2.2735186863398e-05	0.00123393717728513
ENSMUSG00000030630	Fah	90.6590404564283	83.2120231256112	82.7988338915392	147.937149700011	147.533037620584	134.729048734994	114.478188921528	0.742671978079757	0.175873859709911	4.22275362185564	2.41335588532252e-05	0.00129267350608585
ENSMUSG00000069808	Fam57a	155.542471371323	137.480733859705	131.900467943498	209.276943478064	225.638763419717	213.240221019416	178.846600181954	0.60825968158317	0.144368805869359	4.21323483227805	2.51739090289696e-05	0.00133672367164217
ENSMUSG00000005968	Tuft1	29.3308660300209	31.6567479282216	23.1066513185691	56.5288295601667	74.8513205575024	61.0642451101054	46.0897767507644	1.19271172611086	0.283636246842545	4.20507512487632	2.60995450345769e-05	0.00137990094566431
ENSMUSG00000029385	Ccng2	176.874010302247	141.098647908645	160.78378209171	221.30435402278	241.91078962787	257.826812687112	199.966399440061	0.593083468783016	0.141764545483333	4.18358106930725	2.86952694003038e-05	0.00150417168574413
ENSMUSG00000007872	Id3	157.320099615567	156.474782616638	187.741541963374	248.967398275628	283.133256021857	224.871505802293	209.751430715893	0.593843250982071	0.142251635266787	4.17459700810007	2.9851399990436e-05	0.00153847593396087
ENSMUSG00000024854	Pold4	40.8854496176049	32.5612264404565	25.9949827333902	92.6110611943157	59.6640960965599	69.7877086972633	53.5840874632651	1.15043763615477	0.275547354711666	4.17509954816513	2.97855775780089e-05	0.00153847593396087
ENSMUSG00000001604	Tcea3	271.088307247163	308.427172672102	289.795918620387	133.504257046351	222.384358178087	201.608936236538	237.801491666771	-0.634774482626348	0.152229962465962	-4.16983931641106	3.04814474155606e-05	0.00156437420083375
ENSMUSG00000037012	Hk1	81.7708992352098	75.9761950277319	77.0221710618969	110.65217701139	187.670702267361	126.005585147836	109.849621625238	0.855055674018181	0.205886792709283	4.15303800096365	3.2809022919679e-05	0.00167681447971993
ENSMUSG00000014602	Kif1a	18.6650965645588	15.3761347079934	17.3299884889268	54.1233474512235	43.3920698884072	39.7402230081638	31.4378100182122	1.41210342194415	0.343210065384563	4.11439979291372	3.8818814370834e-05	0.00195144088964201
ENSMUSG00000018569	Cldn7	23.9979812972898	8.14030661011413	7.70221710618969	57.7315706146384	53.1552856132988	26.1703907614737	29.4829586671674	1.76629742760821	0.431407007495072	4.09427152763249	4.23497781240744e-05	0.0021030865525097
ENSMUSG00000029335	Bmp3	226.647601141071	201.698708228384	249.359278812891	140.720703373181	111.734579962649	173.499998011252	183.943478254904	-0.664728233140338	0.16231678200427	-4.09525265922812	4.21708233969453e-05	0.0021030865525097
ENSMUSG00000034522	Zfp395	70.2163156476258	74.1672380032621	77.0221710618969	139.517962318709	131.261011412432	110.497205437334	100.44698398021	0.780723229439931	0.190910765827162	4.08946675195231	4.32366035750084e-05	0.00213846846552844
ENSMUSG00000060572	Mfap2	26.6644236636554	9.94926363458394	26.9577598716639	74.5699453772412	53.1552856132988	43.6173179357895	39.1523326827055	1.42599316580623	0.349550853538113	4.07950131253435	4.51324150467228e-05	0.00222326989141808
ENSMUSG00000021792	Prxl2a	50.6624049609452	56.9821462707989	58.7294054346964	105.841212793504	119.32819219312	84.3268146758598	79.3116960548206	0.892922704131171	0.219235275777533	4.07289703248876	4.64319550892883e-05	0.00227813744450084
ENSMUSG00000031486	Adgra2	56.8841038157981	48.8418396606848	46.2133026371382	140.720703373181	77.0209240519228	88.2039096034855	76.3141305237017	1.00129620505477	0.246144731905865	4.06791645428228	4.74353814249321e-05	0.00230889836729451
ENSMUSG00000037206	Islr	197.31673511105	152.856868567699	186.7787648251	127.490551773993	93.2929502600755	112.435752901146	145.028603906511	-0.691004565550503	0.171174286924192	-4.03684792831373	5.41741596352071e-05	0.00261614268537579
ENSMUSG00000002107	Celf2	72.8827580139913	67.8358884176178	47.1760797754119	119.071364392692	142.109028884534	91.1117307992048	90.0311417139085	0.900055102407267	0.223830256188938	4.02115030260931	5.79146355579336e-05	0.00276412809242651
ENSMUSG00000017754	Pltp	139.54381717313	134.767298323001	103.979930933561	217.696130859366	199.603521486673	176.407819206971	161.999752997117	0.644603082755438	0.16072961322377	4.0104811417546	6.0595140345121e-05	0.00284773943093201
ENSMUSG00000020679	Hnf1b	7.99932709909661	13.5671776835236	11.5533256592845	31.2712674162625	57.4944926021395	23.2625695657544	24.1913600043435	1.75693539614427	0.438704446061938	4.00482696702878	6.20628933172605e-05	0.00289453783053049
ENSMUSG00000042659	Arrdc4	135.988560684642	176.373309885806	168.4859991979	269.413996201646	273.370040296965	198.701115040819	203.722170217963	0.62180501303849	0.155386252637859	4.00167326570169	6.28961122838304e-05	0.00292228679270252
ENSMUSG00000030793	Pycard	6.22169885485292	13.5671776835236	9.62777138273712	34.8794905796774	36.8832594051461	26.1703907614737	21.2249647779018	1.73221326822941	0.435493320426055	3.97758860350541	6.96176849098165e-05	0.00315949112631382
ENSMUSG00000061353	Cxcl12	937.698898838547	632.230480052198	894.419961456278	417.351145901657	296.150876988379	478.821223561779	609.44543113314	-1.04697677150887	0.265587414343902	-3.94211741582442	8.07654184367521e-05	0.00358937906719276
ENSMUSG00000004267	Eno2	7.11051297697477	9.94926363458394	7.70221710618969	31.2712674162625	23.865638438624	31.0167594210059	18.4859431656068	1.79821298140214	0.457827359226229	3.92770974727524	8.57586202445041e-05	0.00378386775510463
ENSMUSG00000027562	Car2	55.9952896936763	60.6000603197386	43.324971222317	103.43573068456	121.49779568754	77.5418985525148	77.0659576933912	0.912933947128705	0.23293083457474	3.91933489095783	8.87936651444024e-05	0.00388979677379014
ENSMUSG00000005503	Evx1	119.101092364327	143.81208344535	123.235473699035	74.5699453772412	66.172906579821	87.2346358715791	102.354356222892	-0.756335423658606	0.193624474402269	-3.906197426712	9.37599166821318e-05	0.00407822389369868
ENSMUSG00000021097	Clmn	9.7769553433403	7.23582809787923	5.77666282964227	33.6767495252057	24.9504401858341	24.2318432976609	17.6080798799271	1.85093962804024	0.47509782284824	3.89591267108686	9.78296362915309e-05	0.00422527577025323
ENSMUSG00000034993	Vat1	137.766188928886	103.110550394779	98.2032681039186	217.696130859366	178.99228828968	154.114523373123	148.313824991625	0.693052787386694	0.177856289514236	3.89670103474873	9.75118687128898e-05	0.00422527577025323
ENSMUSG00000021754	Map3k1	55.1064755715544	61.5045388319735	46.2133026371382	99.8275075211455	107.395372973808	87.2346358715791	76.2136389011997	0.850330226764447	0.219636725645042	3.87153024735344	0.000108154233173783	0.00460631883371397
ENSMUSG00000034981	Parm1	7.11051297697477	4.52239256117452	8.6649942444634	27.6630442528476	21.6960349442036	27.1396644933802	16.132773912174	1.91865078796733	0.497425429782078	3.85716264809358	0.000114710836280054	0.00485187282003841
ENSMUSG00000079037	Prnp	147.543144272226	136.57625534747	134.78879935832	218.898871913837	246.249996616711	172.530724279345	176.097965297985	0.602228252181334	0.157332268329544	3.82774785220741	0.000129321135638723	0.00535896300589386
ENSMUSG00000021458	Aopep	167.985869081029	184.51361649592	164.634890644805	103.43573068456	125.837002676381	106.620110509708	142.171203348734	-0.622341422644973	0.16263616858373	-3.82658684144157	0.000129932324490068	0.00536043414988633
ENSMUSG00000090223	Pcp4	16.8874683203151	21.7074842936377	9.62777138273712	54.1233474512235	35.7984576579359	39.7402230081638	29.6474586856688	1.41563985357977	0.37055527565807	3.82032033160432	0.000133278463344039	0.00544931210459326
ENSMUSG00000037465	Klf10	95.1031110670375	116.677728078303	93.38938241255	167.181006571557	144.278632378954	167.684355619813	130.719036021369	0.650161363178228	0.170662038391487	3.80964255030638	0.000139167848982727	0.00567120543396057
ENSMUSG00000019851	Perp	23.9979812972898	15.3761347079934	13.478879935832	60.1370527235816	58.5792943493497	26.1703907614737	32.95662229592	1.44111628941666	0.379232749058276	3.80008396689182	0.000144647067919338	0.0058749699837702
ENSMUSG00000044595	Dnd1	2.66644236636554	4.52239256117452	4.81388569136856	21.6493389804894	18.4416297025731	18.4162009062223	11.7516483680322	2.28841192742837	0.602478165918851	3.79833171869103	0.000145673280766095	0.00589712363655751
ENSMUSG00000056749	Nfil3	78.2156427467224	81.4030661011413	67.3943996791598	127.490551773993	131.261011412432	115.343574096866	100.184707635052	0.717206056098129	0.189219898174773	3.79033105406115	0.000150446633509665	0.00605475965207206
ENSMUSG00000071847	Apcdd1	155.542471371323	141.098647908645	89.5382738594552	84.1918738130143	57.4944926021395	73.664803624889	100.255093863244	-0.847762155572111	0.223674916012089	-3.79015300726119	0.000150554516051034	0.00605475965207206
ENSMUSG00000052396	Mogat2	80.882085113088	89.5433727112555	82.7988338915392	158.761819190256	122.58259743475	128.913406343556	110.580352447407	0.692150921449471	0.184009888028166	3.76148765083497	0.000168905761965913	0.00670484814328118
ENSMUSG00000030170	Wnt5b	167.097054958907	169.137481787927	165.597667783078	109.449435956919	118.24339044591	102.743015582082	138.711341085804	-0.604492844020246	0.161070126278058	-3.75297926430319	0.000174745314607352	0.00689204510924046
ENSMUSG00000052852	Reep1	82.6597133573317	66.9314099053829	59.6921825729701	144.328926536596	129.091407918011	93.0502782630177	95.9589864255516	0.79965664026714	0.213064370144218	3.75312230630524	0.000174645590529911	0.00689204510924046
ENSMUSG00000041559	Fmod	75.5492003803569	51.5552751973895	80.8732796149918	44.5014190154504	18.4416297025731	31.9860331529123	50.4844728439457	-1.13928895264059	0.30402931959187	-3.74729961626719	0.000178748529812321	0.00702733803422413
ENSMUSG00000053963	Stum	23.9979812972898	30.7522694159867	33.6971998395799	51.7178653422802	62.9185013381904	68.8184349653568	45.317042033114	1.06028666296614	0.284365039052245	3.72861117702779	0.000192537962211727	0.00749736712536203
ENSMUSG00000008384	Sertad1	61.3281744264074	56.9821462707989	61.6177368495175	103.43573068456	105.225769479387	97.8966469225499	81.0810341055369	0.767964449058088	0.206194996943096	3.72445723923178	0.000195735884584241	0.00754998855443491
ENSMUSG00000044628	Rnf208	30.2196801521428	48.8418396606848	34.6599769778536	75.7726864317129	75.9361223047126	69.7877086972633	55.869669037395	0.959955601431628	0.259297751936991	3.7021362285659	0.000213791766321402	0.00814400560775874
ENSMUSG00000023088	Abcc1	83.5485274794535	104.015028907014	85.6871653063603	157.559078135784	144.278632378954	130.851953807369	117.656731002489	0.659335431590659	0.178835078282883	3.68683503215022	0.000227060445439537	0.00849122995049195
ENSMUSG00000020542	Myocd	15.9986541981932	15.3761347079934	10.5905485210108	28.8657853073192	39.0528628995665	43.6173179357895	25.5835505949788	1.4125063893731	0.384167157571052	3.67680152125407	0.000236176656477435	0.00875209325786169
ENSMUSG00000018593	Sparc	104.880066410378	74.1672380032621	58.7294054346964	140.720703373181	169.229072564788	107.589384241614	109.21931167132	0.806010206845732	0.219426660064849	3.67325559532066	0.000239479726500703	0.0088477660399326
ENSMUSG00000031748	Gnao1	63.9946167927729	66.9314099053829	52.9527426050541	105.841212793504	109.564976468228	96.9273731906434	82.7020552925975	0.760704688616237	0.207793239071875	3.66087314492995	0.000251357193512566	0.00923098004678185
ENSMUSG00000039252	Lgi2	15.9986541981932	18.994048756933	19.2555427654742	50.5151242878086	34.7136559107258	44.586591667696	30.6772695978051	1.25796933787218	0.345227197813531	3.64388827369173	0.000268550030552881	0.00974195724735171
ENSMUSG00000070605	Zfp992	46.218334350336	50.6507966851546	42.3621940840433	95.016543303259	79.1905275463431	77.5418985525148	65.1633824202751	0.849447824891434	0.233689119069062	3.63494812370959	0.000278036577262981	0.0100068392193009
ENSMUSG00000022040	Ephx2	23.109167175168	18.994048756933	12.5161027975583	51.7178653422802	45.5616733828275	35.8631280805381	31.2936642558842	1.27373069295056	0.35073677616635	3.63158579169483	0.000281684982189885	0.010102771905091
ENSMUSG00000027860	Vangl1	57.77291793792	53.3642322218593	48.1388569136856	97.4220254122023	98.7169589961264	82.3882672120469	72.9672097823067	0.801609578340924	0.220853475322405	3.62959911394069	0.00028386172345016	0.0101511600578416
ENSMUSG00000015090	Ptgds	55.9952896936763	47.032882636215	23.1066513185691	113.057659120333	83.5297345351838	64.9413400377311	64.6105928902848	1.03988514647539	0.286580280291353	3.6285997955553	0.000284962593872027	0.0101609045826578
ENSMUSG00000042622	Maff	25.7756095415335	20.8030057814028	21.1810970420217	42.0959369065071	62.9185013381904	45.5558653996024	36.388336001543	1.15153311870026	0.319810272593174	3.60067582996345	0.00031739110238614	0.0111550695182475
ENSMUSG00000000934	Top1mt	16.8874683203151	18.994048756933	15.4044342123794	36.082231634149	50.9856821188785	36.8324018124445	29.1977111425166	1.27128205652591	0.354557063726692	3.58554993422969	0.000336368631436127	0.0115571362274385
ENSMUSG00000022415	Syngr1	19.5539106866806	20.8030057814028	13.478879935832	39.6904547975639	44.4768716356174	42.6480442038831	30.1085278401633	1.23309008137476	0.34565120903956	3.56744038246265	0.000360485360624873	0.0121810287422168
ENSMUSG00000050423	Ppp1r3g	12.4433977097058	15.3761347079934	12.5161027975583	33.6767495252057	34.7136559107258	35.8631280805381	24.0981947886212	1.37033507696382	0.384428350012879	3.56460463157285	0.000364405065476616	0.012237613807091
ENSMUSG00000000938	Hoxa10	20.4427248088025	35.2746619771613	23.1066513185691	3.6082231634149	7.59361223047126	10.6620110509708	16.781314091565	-1.82100716622299	0.511357471793707	-3.5611236105251	0.000369271176758295	0.0123297131055649
ENSMUSG00000036432	Siah2	46.218334350336	51.5552751973895	43.324971222317	78.1781685406561	104.140967732177	72.6955298929826	66.0188744893098	0.851676056634083	0.239237792577514	3.55995617355538	0.000370916691338125	0.0123297131055649
ENSMUSG00000024663	Rab3il1	82.6597133573317	43.4149685872754	64.5060682643387	40.8931958520355	17.3568279553629	28.1089382252866	46.1566187069385	-1.15206066318492	0.325168492772061	-3.54296522816096	0.0003956548672318	0.0130459747351217
ENSMUSG00000017897	Eya2	161.764170226176	120.295642127242	168.4859991979	110.65217701139	57.4944926021395	99.8351943863627	119.754612591868	-0.750885536078459	0.212025833907888	-3.54148134799778	0.000397886988697967	0.013084401617612
ENSMUSG00000011752	Pgam1	68.4386874033821	87.7344156867857	51.0271883285067	105.841212793504	123.667399181961	119.220669024491	92.6549287364384	0.749874983426447	0.211968460869746	3.5376724459364	0.000403670491760065	0.0132037926718105
ENSMUSG00000032346	Ooep	9.7769553433403	6.33134958564433	1.92555427654742	26.4603031983759	18.4416297025731	24.2318432976609	14.5279392340236	1.92271734538881	0.543441180035582	3.53804131159681	0.000403106984138875	0.0132037926718105
ENSMUSG00000036602	Alx1	12.4433977097058	10.8537421468188	9.62777138273712	45.704160069922	24.9504401858341	25.2011170295673	21.4634380874309	1.52892553766439	0.432738940933608	3.53313601582937	0.000410661135393754	0.0133611922725193
ENSMUSG00000029171	Pgm2	97.769553433403	110.346378492658	78.9477253384443	147.937149700011	150.787442862215	144.421786054059	121.701672646798	0.623772501273308	0.176769427926221	3.52873519245451	0.000417550726339517	0.0135494106065622
ENSMUSG00000020782	Llgl2	78.2156427467224	80.4985875889064	89.5382738594552	138.315221264238	146.448235873374	109.527931705427	107.090648839687	0.664729674719311	0.188701475721022	3.52265223247142	0.000427251589713875	0.0137912315774484
ENSMUSG00000024186	Rgs11	0.888814122121846	2.71343553670471	0	13.230151599188	10.8480174721018	12.6005585147836	6.71349620748333	3.32611323595603	0.94445474030803	3.52172856358498	0.000428742892531628	0.0138030454587741
ENSMUSG00000031891	Hsd11b2	122.656348852815	77.7851520522017	71.2455082322547	56.5288295601667	50.9856821188785	38.7709492762574	69.6620783487623	-0.903257166034669	0.258225007132961	-3.49794613644672	0.000468855813328528	0.0148989259230252
ENSMUSG00000017679	Ttpal	85.3261557236972	95.8747222968998	118.421588007667	54.1233474512235	58.5792943493497	63.0027925739182	79.2213167337925	-0.764230838747001	0.219665360060338	-3.4790685183002	0.000503159920160179	0.0158250245658583
ENSMUSG00000034917	Tjp3	6.22169885485292	6.33134958564433	8.6649942444634	25.2575621439043	30.374448921885	16.4776534424094	15.5546178655266	1.76323117204692	0.506961951675048	3.47803452748484	0.000505104857898751	0.0158455656956166
ENSMUSG00000031273	Col4a6	17.7762824424369	16.2806132202283	11.5533256592845	43.2986779609788	31.4592506690952	37.8016755443509	26.3616375827291	1.29627866741034	0.373352349545748	3.47199815131068	0.000516599894279143	0.0160827774193603
ENSMUSG00000037010	Apln	30.2196801521428	33.4657049526914	27.9205370099376	58.93431166911	74.8513205575024	48.4636865953217	45.6425401561177	0.988128711139289	0.286118667609106	3.45356253542067	0.0005532340180832	0.0170074397639311
ENSMUSG00000020911	Krt19	23.9979812972898	9.04478512234904	4.81388569136856	90.2055790853725	100.886562490547	36.8324018124445	44.2968659165619	2.58416403947699	0.748495567920388	3.45247740966163	0.000555463985299394	0.0170132046636303
ENSMUSG00000037818	Abhd18	15.9986541981932	19.8985272691679	17.3299884889268	40.8931958520355	40.1376646467767	40.7094967400702	29.1612545325284	1.19356140287301	0.345985060691785	3.44974838071484	0.000561109283676295	0.0170783287185445
ENSMUSG00000060969	Irx1	83.5485274794535	94.9702437846649	116.496033731119	129.896033882936	180.07709003689	147.329607249778	125.386256027474	0.636572080788202	0.184773625653552	3.44514580225733	0.000570751437316333	0.0171993297417809
ENSMUSG00000041930	Fam222a	69.327501525504	74.1672380032621	60.6549597112438	38.4877137430923	35.7984576579359	35.8631280805381	52.383166453596	-0.893190446288394	0.260518310095203	-3.42851312816358	0.00060689718244521	0.0178947135573869
ENSMUSG00000025207	Sema4g	54.2176614494326	47.9373611484499	48.1388569136856	92.6110611943157	83.5297345351838	81.4189934801405	67.9756114535347	0.773755478844879	0.225813740479539	3.42652080073483	0.000611366934554944	0.0179771998150192
ENSMUSG00000033107	Rnf125	23.9979812972898	14.4716561957585	13.478879935832	43.2986779609788	42.307268141197	36.8324018124445	29.0644775572501	1.22921293566135	0.35879350365642	3.42596207326663	0.000612625919018263	0.0179771998150192
ENSMUSG00000025188	Hps1	62.2169885485292	69.6448454420876	54.8782968816016	111.854918065862	106.310571226598	90.1424570672984	82.508012871996	0.71788929504638	0.210253654993371	3.41439626849299	0.000639235295418825	0.0186687146038269
ENSMUSG00000026107	Nabp1	31.9973083963864	30.7522694159867	31.7716455630325	55.3260885056951	57.4944926021395	67.8491612334504	45.8651609527818	0.938669654056114	0.275129517265499	3.41173736422582	0.000645502739475589	0.0187624090104445
ENSMUSG00000029848	Stra8	1.77762824424369	1.80895702446981	0.962777138273712	15.6356337081312	7.59361223047126	13.5698322466901	6.89140676537996	3.00442182670257	0.880584144110098	3.41185092509107	0.000645233894950141	0.0187624090104445
ENSMUSG00000020593	Lpin1	38.2190072512394	42.5104900750405	34.6599769778536	80.5836506495994	79.1905275463431	55.2486027186668	55.0687092031238	0.890426833180637	0.261365374154457	3.40682784037961	0.000657225679697672	0.0190130428942727
ENSMUSG00000020059	Sycp3	0.888814122121846	0	0	13.230151599188	6.50881048326108	6.78491612334504	4.56878205465265	4.73828220058803	1.3935841082628	3.40006905395515	0.000673688372115579	0.0193523690219431
ENSMUSG00000014813	Stc1	6.22169885485292	2.71343553670471	1.92555427654742	14.4328926536596	18.4416297025731	17.4469271743158	10.1970230331089	2.20221540257975	0.648685091321502	3.39489134565031	0.0006865584155329	0.0196301294287332
ENSMUSG00000002603	Tgfb1	33.7749366406301	28.9433123915169	27.9205370099376	50.5151242878086	57.4944926021395	67.8491612334504	44.4162606942472	0.960098693116432	0.283264703496006	3.38940461436619	0.000700445730480823	0.0199806216978553
ENSMUSG00000038393	Txnip	394.6334702221	324.70778589233	291.721472896935	675.940472613058	488.160786244581	482.698318489404	442.977051059735	0.702137334158511	0.207410272302454	3.38525824378952	0.000711113187595842	0.0201910054607653
ENSMUSG00000056004	9330182L06Rik	6.22169885485292	1.80895702446981	3.85110855309485	20.4465979260178	17.3568279553629	14.5391059785965	10.7040493820658	2.13028042468721	0.629943029361814	3.38170330552806	0.00072037904175986	0.0203598371572038
ENSMUSG00000021892	Sh3bp5	206.204876332268	148.334476006524	143.453793602783	116.665882283748	84.614536282394	119.220669024491	136.415705588702	-0.636687329644808	0.188329606216837	-3.38070759257971	0.000722994378719166	0.020369361895004
ENSMUSG00000025492	Ifitm3	42.6630778618486	53.3642322218593	29.8460912864851	67.3534990504114	79.1905275463431	83.3575409439534	59.2958281518168	0.868770823188106	0.257288331374492	3.37664292254117	0.000733762396418944	0.0205957198042901
ENSMUSG00000005087	Cd44	11.554583587584	18.994048756933	15.4044342123794	28.8657853073192	44.4768716356174	37.8016755443509	26.1828998406973	1.27936973406678	0.379013657027997	3.37552410142382	0.000736752386547426	0.0206324309894765
ENSMUSG00000047146	Tet1	68.4386874033821	75.071716515497	77.0221710618969	111.854918065862	125.837002676381	108.558657973521	94.4638589494232	0.651111079088123	0.193112033312075	3.37167533229743	0.00074712465965569	0.0207609590294407
ENSMUSG00000027168	Pax6	8.88814122121846	21.7074842936377	7.70221710618969	30.0685263617908	57.4944926021395	23.2625695657544	24.8539051917884	1.52667666926935	0.453539872895358	3.36613550540372	0.00076229251720082	0.021059189225192
ENSMUSG00000006651	Aplp1	16.8874683203151	23.5164413181075	21.1810970420217	56.5288295601667	43.3920698884072	35.8631280805381	32.894839034926	1.13391551556857	0.337586803814665	3.35888578213231	0.000782574052494242	0.0212839319908966
ENSMUSG00000000594	Gm2a	32.8861225185083	40.7015330505707	36.585531254401	68.5562401048831	70.5121135686617	62.0335188420118	51.8791765565061	0.866625684526898	0.258764838796432	3.34908594443414	0.000810786412414869	0.0219538766769995
ENSMUSG00000021190	Lgmn	85.3261557236972	81.4030661011413	87.6127195829078	132.30151599188	134.515416654062	120.189942756398	106.891469468348	0.604149440647683	0.180757333034852	3.34232327122905	0.000830802412262735	0.0223969722831092
ENSMUSG00000031765	Mt1	294.197474422331	307.522694159867	180.039324857184	660.304838904926	442.599112861753	462.343570119369	391.167835887572	1.0003879714908	0.29938885376997	3.3414335867675	0.000833469534634662	0.0223972964570732
ENSMUSG00000050957	Insl6	9.7769553433403	8.14030661011413	6.73943996791598	21.6493389804894	28.2048454274647	24.2318432976609	16.4571216044976	1.58503434831824	0.474528024051723	3.34023338555337	0.000837080118757972	0.0224183946215836
ENSMUSG00000046329	Slc25a23	114.657021753718	112.155335517128	109.756593763203	58.93431166911	71.5969153158719	80.449719748234	91.2583162945442	-0.666604136200901	0.199980104213196	-3.33335227933597	0.00085806222819511	0.0228804158500896
ENSMUSG00000007946	Phox2a	7.11051297697477	9.94926363458394	6.73943996791598	25.2575621439043	27.1200436802545	20.3547483700351	16.0885951289448	1.60601538874038	0.482517139298644	3.32841107172852	0.000873428847572441	0.0230893927679387
ENSMUSG00000028664	Ephb2	147.543144272226	132.053862786296	139.602685049688	96.2192843577306	82.4449327879737	99.8351943863627	116.283183940046	-0.58908259141986	0.176968707090885	-3.32873874202701	0.000872401981873202	0.0230893927679387
ENSMUSG00000026208	Des	30.2196801521428	38.8925760261009	24.0694284568428	73.3672043227696	69.4273118214515	43.6173179357895	46.5989197858495	0.990029907706567	0.297532305986983	3.3274702873774	0.000876383344461994	0.0231176733401523
ENSMUSG00000021098	4930447C04Rik	4.44407061060923	9.94926363458394	3.85110855309485	21.6493389804894	15.1872244609425	28.1089382252866	13.8649907441678	1.83156956667712	0.550749556237525	3.32559426681991	0.000882302594249665	0.0232238704314729
ENSMUSG00000005148	Klf5	29.3308660300209	26.2298768548122	17.3299884889268	55.3260885056951	48.8160786244581	46.5251391315088	37.259672939237	1.03950598218653	0.313457909210136	3.3162537988144	0.000912329340441941	0.0237089654446204
ENSMUSG00000041974	Spidr	92.436668700672	81.4030661011413	80.8732796149918	115.463141229277	175.737883048049	113.405026633053	109.886510887864	0.666553375490159	0.201146779860457	3.31376607645706	0.000920484808542437	0.0238199718598767
ENSMUSG00000055235	Wdr86	16.8874683203151	13.5671776835236	7.70221710618969	52.9206063967518	27.1200436802545	24.2318432976609	23.7382260807826	1.43190666725922	0.432804720522057	3.3084358819655	0.000938186648756609	0.0241760450286735
ENSMUSG00000000392	Fap	62.2169885485292	27.1343553670471	64.5060682643387	20.4465979260178	11.932819219312	31.0167594210059	36.2089314577084	-1.26689318094669	0.383816047805644	-3.30078220592854	0.000964156952803731	0.0247413162826162
ENSMUSG00000033488	Cryzl2	14.2210259539495	17.1850917324632	13.478879935832	34.8794905796774	37.9680611523563	32.9553068848188	25.1146427065162	1.23467250903983	0.374397759831038	3.29775613400311	0.000974607397730935	0.0249052798761826
ENSMUSG00000040734	Ppp1r13l	48.8847767167015	49.7463181729197	54.8782968816016	87.8000969764292	79.1905275463431	89.173183335392	68.2788666048978	0.740271238229332	0.224678352649918	3.29480445934542	0.000984901882581084	0.0251160218123484
ENSMUSG00000029718	Pcolce	114.657021753718	63.3134958564433	73.1710625088021	55.3260885056951	33.6288541635156	46.5251391315088	64.4369436532805	-0.895909187454222	0.272171489534086	-3.29170843348756	0.000995807937752791	0.0252710276441741
ENSMUSG00000031842	Pde4c	21.3315389309243	33.4657049526914	28.8833141482113	57.7315706146384	47.7312768772479	59.1256976462925	41.3781838616676	0.977845749955549	0.297057243183441	3.29177548231572	0.000995570571931253	0.0252710276441741
ENSMUSG00000033318	Gstt2	11.554583587584	14.4716561957585	7.70221710618969	30.0685263617908	40.1376646467767	21.3240221019416	20.8764450000069	1.43062781614606	0.436646746010331	3.27639637582965	0.0010514088726735	0.0263195535351289
ENSMUSG00000040811	Eml2	39.1078213733612	25.3253983425773	55.8410740198753	74.5699453772412	73.7665188102922	73.664803624889	57.045926924706	0.88889143190958	0.271433695272502	3.27480135072099	0.00105736297518317	0.0263928089133936
ENSMUSG00000022429	Dmc1	4.44407061060923	4.52239256117452	0.962777138273712	20.4465979260178	15.1872244609425	11.6312847828772	9.53239124664916	2.22728118185097	0.680956565298674	3.27081240618344	0.00107239021590073	0.0265736129055319
ENSMUSG00000072949	Acot1	43.5518919839704	48.8418396606848	44.2877483605907	75.7726864317129	69.4273118214515	89.173183335392	61.8424435989671	0.781062725018645	0.239111322599831	3.26652337717108	0.00108876818077233	0.0268708863286789
ENSMUSG00000040013	Fkbp6	0	0	0.962777138273712	10.8246694902447	9.76321572489162	3.87709492762574	4.23795954683929	4.62007645363566	1.41469370923513	3.26577860880824	0.00109163559587823	0.0268875546567115
ENSMUSG00000011382	Dhdh	40.8854496176049	54.2687107340942	40.4366398074959	84.1918738130143	81.3601310407635	69.7877086972633	61.8217522850393	0.791042447613648	0.242391128515481	3.26349587321272	0.00110046786898882	0.0269966777620337
ENSMUSG00000015568	Lpl	39.1078213733612	39.7970545383358	38.5110855309485	15.6356337081312	18.4416297025731	18.4162009062223	28.3182376265953	-1.15703605484379	0.35466146125704	-3.26236758497206	0.00110485775980875	0.0270502700235812
ENSMUSG00000044279	Crb3	7.11051297697477	1.80895702446981	4.81388569136856	20.4465979260178	24.9504401858341	10.6620110509708	11.6320674759393	2.01971129500916	0.620888099793786	3.25293929079968	0.00114217896819411	0.0277975540156131
ENSMUSG00000033227	Wnt6	26.6644236636554	33.4657049526914	24.0694284568428	9.62192843577306	14.1024227137323	6.78491612334504	19.1181373910067	-1.47464487079857	0.454423178512832	-3.24509166901338	0.00117412820143952	0.0283501112575927
ENSMUSG00000046794	Ppp1r3b	1.77762824424369	1.80895702446981	3.85110855309485	12.0274105447163	16.2720262081527	11.6312847828772	7.89473589292576	2.43682979363412	0.752080004216088	3.24012043927972	0.00119479221998226	0.0286079527086843
ENSMUSG00000090125	Pou3f1	15.9986541981932	22.6119628058726	29.8460912864851	39.6904547975639	71.5969153158719	37.8016755443509	36.2576256580563	1.12714767112252	0.348907205514525	3.23050843693623	0.0012357025736163	0.0294313160543253
ENSMUSG00000019894	Slc6a15	2.66644236636554	3.61791404893962	1.92555427654742	9.62192843577306	17.3568279553629	14.5391059785965	8.28796217693084	2.33821658709686	0.725931206850801	3.22098921362039	0.00127748955984193	0.0303088722263464
ENSMUSG00000002881	Nab1	71.1051297697477	69.6448454420876	78.9477253384443	133.504257046351	99.8017607433365	109.527931705427	93.7552750075657	0.639303744795116	0.198799729228315	3.21581798565176	0.00130073301669576	0.030741408830039
ENSMUSG00000001507	Itga3	7.11051297697477	8.14030661011413	8.6649942444634	30.0685263617908	28.2048454274647	14.5391059785965	16.1213819332341	1.59759649830124	0.497074773678516	3.21399632992538	0.0013090134643201	0.0308183477031676
ENSMUSG00000005413	Hmox1	124.433977097058	163.710610714518	103.979930933561	203.263238205706	334.118938140735	220.994410874667	191.750184327708	0.951225368418183	0.296480272506008	3.20839346367947	0.00133478751169448	0.0311264327346852
ENSMUSG00000044080	S100a1	7.11051297697477	3.61791404893962	10.5905485210108	26.4603031983759	26.0352419330443	15.5083797105029	14.8871500648081	1.67377849219761	0.525129121074914	3.18736559262123	0.00143575170329543	0.0331032526177101
ENSMUSG00000003559	As3mt	5.33288473273107	12.6626991712887	4.81388569136856	21.6493389804894	27.1200436802545	21.3240221019416	15.4838123930123	1.61478398445048	0.507937207911438	3.17910158834441	0.00147732304872825	0.0338004995026454
ENSMUSG00000072244	Trim6	63.9946167927729	75.071716515497	61.6177368495175	91.4083201398441	109.564976468228	113.405026633053	85.8437322331521	0.650591581285533	0.205415799323549	3.16719348476595	0.00153917873340514	0.0348975348316959
ENSMUSG00000020680	Taf15	79.9932709909661	97.6836793213696	164.634890644805	74.5699453772412	53.1552856132988	69.7877086972633	89.9707967741573	-0.791398556687414	0.250336768710105	-3.16133567100512	0.00157047403909026	0.0354107253005168
ENSMUSG00000028023	Pitx2	85.3261557236972	78.6896305644366	60.6549597112438	128.693292828465	112.819381709859	107.589384241614	95.6288007965526	0.62982393219992	0.19933565405636	3.15961504820328	0.00157977715236792	0.0355551312861375
ENSMUSG00000028755	Cda	5.33288473273107	1.80895702446981	0.962777138273712	13.230151599188	20.6112331969934	8.72346358715791	8.44491121313565	2.3710876247747	0.751757677462664	3.1540584098557	0.00161016855333388	0.0361066315817063
ENSMUSG00000048387	Osr1	3.55525648848738	1.80895702446981	1.92555427654742	10.8246694902447	11.932819219312	15.5083797105029	7.59260603492737	2.39132091341969	0.75936269545267	3.1491156040977	0.00163765397726398	0.0365891870402914
ENSMUSG00000033948	Zswim5	56.8841038157981	73.2627594910272	64.5060682643387	86.5973559219576	123.667399181961	99.8351943863627	84.1254801769075	0.674304936994317	0.214416200790382	3.14484136230701	0.00166176913620983	0.0369261960593293
ENSMUSG00000005640	Insrr	47.9959625945797	19.8985272691679	27.9205370099376	15.6356337081312	7.59361223047126	12.6005585147836	21.9408052211786	-1.42729685705299	0.45412947537027	-3.14292935046611	0.00167266206365167	0.0369673385094619
ENSMUSG00000008601	Rab25	7.99932709909661	2.71343553670471	6.73943996791598	26.4603031983759	22.7808366914138	11.6312847828772	13.054104546064	1.79215255833893	0.573326086738314	3.12588699484195	0.00177269656807888	0.0388900591465555
ENSMUSG00000028519	Dab1	79.9932709909661	58.7911032952687	70.2827310939809	120.274105447163	124.752200929171	87.2346358715791	90.2213412713548	0.662990378694356	0.212270617375817	3.12332619036273	0.00178819446915517	0.0388900591465555
ENSMUSG00000031841	Cdh13	24.8867954194117	18.0895702446981	17.3299884889268	48.1096421788653	46.6464751300377	32.9553068848188	31.3362963911264	1.07322841814296	0.34357080734705	3.12374740575343	0.00178563676007467	0.0388900591465555
ENSMUSG00000034161	Scx	91.5478545785501	69.6448454420876	108.793816624929	64.9480169414682	37.9680611523563	55.2486027186668	71.3585329096764	-0.77360537811351	0.248119951116932	-3.11786849316657	0.00182164065746946	0.0394078382795775
ENSMUSG00000017491	Rarb	24.8867954194117	29.8477909037518	21.1810970420217	43.2986779609788	49.9008803716683	54.2793289867603	37.2324284474321	0.959890221251632	0.308200102285243	3.11450325335468	0.00184254924717707	0.0395728638250086
ENSMUSG00000038860	Garnl3	25.7756095415335	27.1343553670471	29.8460912864851	48.1096421788653	53.1552856132988	54.2793289867603	39.7167188289984	0.914145720992855	0.293431468763958	3.11536361401037	0.00183718285714028	0.0395728638250086
ENSMUSG00000019789	Hey2	30.2196801521428	37.0836190016311	37.5483083926747	61.3397937780533	52.0704838660886	74.6340773567954	48.8159937578977	0.848163549933681	0.273267702696709	3.10378263352633	0.00191063646386844	0.0403340879937142
ENSMUSG00000042312	S100a13	5.33288473273107	3.61791404893962	4.81388569136856	13.230151599188	29.2896471746749	10.6620110509708	11.1577490496455	1.94768393195806	0.627899431696546	3.10190427580981	0.00192280123646272	0.0404546826182706
ENSMUSG00000017009	Sdc4	6.22169885485292	6.33134958564433	4.81388569136856	16.8383747626029	23.865638438624	16.4776534424094	12.424766795917	1.71546308382056	0.553268797296173	3.10059611567476	0.00193131521907768	0.0405642336938473
ENSMUSG00000028597	Gpx7	56.8841038157981	42.5104900750405	40.4366398074959	85.3946148674859	68.3425100742413	82.3882672120469	62.6594376420181	0.752722229739761	0.242885032864428	3.09908857232841	0.00194116978472943	0.04063206242234
ENSMUSG00000014329	Bicc1	73.7715721361132	50.6507966851546	44.2877483605907	121.476846501635	87.8689415240246	77.5418985525148	75.9329672933388	0.756037277516528	0.24421292577798	3.09581188263499	0.00196274839347543	0.0408052064311349
ENSMUSG00000030342	Cd9	84.4373416015754	48.8418396606848	83.7616110298129	149.139890754482	112.819381709859	94.0195519949241	95.5032694585564	0.708815990772632	0.229677351924896	3.08613794452147	0.00202774725798903	0.0418022653218378
ENSMUSG00000017453	Pipox	7.99932709909661	10.8537421468188	5.77666282964227	21.6493389804894	21.6960349442036	26.1703907614737	15.6909161269541	1.49562337631541	0.485475585687008	3.08073860027157	0.00206487839839793	0.0423541779845302
ENSMUSG00000027215	Cd82	26.6644236636554	21.7074842936377	23.1066513185691	55.3260885056951	49.9008803716683	36.8324018124445	35.5896549942783	0.982889891344801	0.319338710399475	3.07789146550777	0.00208470826861854	0.0426895352635643
ENSMUSG00000038781	Stap2	19.5539106866806	16.2806132202283	13.478879935832	46.9069011243937	37.9680611523563	26.1703907614737	26.7264594801608	1.15816316720284	0.377702013959716	3.06634098945092	0.0021669603279299	0.0439337774915507
ENSMUSG00000057614	Gnai1	51.5512190830671	43.4149685872754	43.324971222317	63.7452758869965	86.7841397768144	80.449719748234	61.5450490507841	0.742757526718928	0.242199382576116	3.06671932363619	0.00216421971116968	0.0439337774915507
ENSMUSG00000019998	Stx7	83.5485274794535	74.1672380032621	67.3943996791598	143.126185482124	100.886562490547	104.681563045895	95.6340793634069	0.624198789700475	0.203943266744823	3.06064916809184	0.00220857715120976	0.0444190414283693
ENSMUSG00000012282	Wnt8a	33.7749366406301	28.9433123915169	28.8833141482113	52.9206063967518	62.9185013381904	51.371507791041	43.1353631177236	0.866425971955482	0.283719308655142	3.05381391228686	0.00225952190184999	0.0448557594480551
ENSMUSG00000034156	Tspoap1	20.4427248088025	23.5164413181075	25.9949827333902	6.01370527235816	7.59361223047126	10.6620110509708	15.7039129023501	-1.50820263222752	0.493799771952992	-3.05427972609736	0.00225601618948713	0.0448557594480551
ENSMUSG00000096847	Tmem151b	87.9925980900627	75.071716515497	94.3521595508237	54.1233474512235	44.4768716356174	59.1256976462925	69.1903984815861	-0.703297095899477	0.230764756844585	-3.0476798342874	0.00230615490390477	0.0456983781119482
ENSMUSG00000024406	Pou5f1	47.1071484724578	73.2627594910272	38.5110855309485	86.5973559219576	100.886562490547	80.449719748234	71.1357719425286	0.750119314929316	0.246714997155098	3.04042852513645	0.00236241756699445	0.0466625022169951
ENSMUSG00000025586	Cpeb1	2.66644236636554	2.71343553670471	1.92555427654742	10.8246694902447	11.932819219312	13.5698322466901	7.27212552264407	2.31310477264578	0.762697350963489	3.03279507883923	0.00242300077072618	0.0474768809164974
ENSMUSG00000014846	Tppp3	83.5485274794535	79.5941090766715	81.8360567532655	52.9206063967518	32.5440524163054	60.0949713781989	65.0897205834411	-0.747345761748901	0.246873569849981	-3.02724087557467	0.0024679720908949	0.048061163898859
ENSMUSG00000041592	Sdk2	50.6624049609452	56.077667758564	71.2455082322547	107.043953847975	86.7841397768144	89.173183335392	76.8311429853243	0.668715377317494	0.220849824325201	3.02791899138127	0.00246244088001841	0.048061163898859
ENSMUSG00000031160	Eras	1.77762824424369	1.80895702446981	0	16.8383747626029	6.50881048326108	6.78491612334504	5.61978110632041	3.03230801633578	1.00258289469518	3.02449606150292	0.0024904771432113	0.0484123496650234
ENSMUSG00000006850	Tmco6	67.5498732812603	94.06576527243	62.5805139877912	110.65217701139	116.073786951489	116.312847828772	94.5391607221889	0.612845197958647	0.202949348147153	3.01969532572378	0.00253029079006372	0.0487996019354112
ENSMUSG00000031734	Irx3	114.657021753718	150.143433030994	108.793816624929	176.80293500733	374.256602787512	230.687148193731	192.556826233036	1.06548213896273	0.352825609030861	3.01985488493703	0.00252895822872495	0.0487996019354112
ENSMUSG00000000409	Lck	66.6610591591384	84.1165016378461	56.803851158149	96.2192843577306	112.819381709859	111.46647916924	88.0144261986605	0.62710787173498	0.208421335008709	3.00884682323322	0.00262241295469299	0.0499480082333296
